Index,Pitch,Roll,TurnRate
178,5.22,-4.80,-10.30
194,5.18,-5.43,-4.76
207,5.14,-6.55,-3.25
220,4.47,-7.69,-1.23
236,3.37,-8.23,-4.25
249,3.25,-7.25,-12.32
262,2.84,-6.16,-6.77
275,2.84,-5.41,-10.02
291,2.66,-4.50,-8.90
304,2.63,-3.44,-10.69
317,2.19,-3.11,-7.73
333,2.53,-3.35,-6.49
346,2.26,-3.98,-0.95
359,2.09,-4.11,9.29
372,1.71,-3.60,9.96
388,1.43,-2.53,3.53
401,1.23,-1.67,2.86
414,2.37,-2.26,0.00
430,2.41,-3.01,-4.09
443,1.71,-3.66,-7.84
456,0.77,-3.65,-7.17
469,0.90,-3.50,-8.29
485,0.50,-2.90,-10.64
498,0.96,-2.76,-9.85
511,1.93,-2.56,-8.45
526,2.69,-2.95,-9.74
552,3.07,-3.79,-7.84
575,3.78,-4.94,-10.69
598,4.52,-6.12,-11.98
621,4.99,-7.25,-9.24
646,4.73,-8.51,-10.13
669,4.94,-10.06,-7.89
692,4.59,-11.13,-7.11
714,3.18,-12.56,-9.68
739,3.13,-12.61,-10.36
761,2.63,-12.76,-11.92
783,2.25,-12.54,-7.73
814,1.85,-12.91,-11.36
841,0.72,-11.42,-10.02
862,0.48,-10.18,-11.64
885,1.49,-10.26,-13.88
907,0.97,-9.77,-10.69
931,3.01,-8.36,-10.02
953,4.03,-9.18,-10.52
975,4.47,-6.64,-11.76
997,5.81,-6.16,-6.55
1021,4.54,-6.14,-9.57
1043,3.11,-5.73,-12.99
1064,2.87,-2.14,-10.75
1088,4.05,-0.47,-8.29
1110,6.31,-3.70,-8.06
1132,7.47,-6.36,-12.82
1156,7.40,-8.99,-9.68
1177,8.62,-7.44,-10.69
1199,7.81,-7.60,-10.08
1225,8.27,-9.28,-9.68
1246,7.68,-9.13,-11.25
1271,7.45,-8.82,-10.41
1292,7.04,-9.45,-8.62
1314,7.52,-9.45,-10.75
1338,6.95,-7.86,-8.85
1359,6.86,-5.12,-13.04
1381,6.36,-6.29,-5.82
1405,6.58,-6.07,-12.04
1427,6.47,-7.82,-12.15
1448,6.27,-8.33,-10.52
1472,5.61,-7.52,-6.77
1493,6.96,-4.48,-10.97
1514,6.71,-3.69,-8.40
1538,7.44,-4.68,-8.96
1560,8.45,-5.47,-9.40
1581,9.21,-5.40,-9.12
1606,9.77,-7.14,-10.47
1627,9.24,-9.84,-13.32
1652,7.57,-7.83,-7.17
1673,8.87,-6.33,-10.41
1694,8.86,-7.60,-10.47
1724,8.51,-7.69,-7.78
1743,8.93,-7.80,-7.28
1764,9.47,-6.36,-10.86
1788,9.76,-6.74,-9.24
1809,9.29,-7.74,-8.29
1830,9.44,-11.29,-11.25
1854,7.61,-13.56,-10.52
1876,5.94,-13.36,-9.24
1897,4.11,-13.41,-11.70
1921,2.84,-12.48,-11.59
1942,1.40,-12.98,-9.85
1964,0.09,-13.20,-11.36
1988,-0.84,-10.97,-12.09
2010,-1.73,-9.07,-12.09
2031,-3.28,-6.76,-11.20
2052,-2.08,-3.18,-10.64
2076,-0.86,-2.02,-10.13
2099,0.27,-1.45,-9.74
2123,1.64,-3.76,-10.97
2144,2.39,-2.64,-13.66
2170,3.23,-4.81,-8.51
2195,4.19,-4.38,-11.59
2215,5.13,-5.84,-11.59
2237,4.41,-1.86,-9.29
2258,7.29,-1.36,-13.16
2282,7.46,-5.13,-10.02
2304,9.05,-2.05,-9.52
2325,9.44,-1.79,-9.46
2350,10.24,-1.54,-7.28
2371,10.10,-0.15,-9.96
2392,9.97,-6.30,-7.00
2416,9.55,-7.86,-8.73
2438,9.23,-7.68,-11.98
2459,7.83,-10.52,-8.45
2483,8.41,-6.00,-11.08
2504,8.61,-6.16,-6.72
2529,8.21,-9.52,-9.57
2551,8.19,-5.51,-10.86
2576,6.97,-10.35,-8.06
2592,7.29,-7.95,-11.76
2624,6.16,-8.19,-8.68
2639,6.17,-7.16,-9.52
2663,7.48,-3.68,-9.57
2685,8.67,-2.92,-7.22
2706,9.02,-4.12,-8.06
2730,7.28,-7.79,-8.79
2751,6.94,-6.46,-13.44
2777,7.49,-9.43,-6.66
2798,8.14,-8.26,-8.01
2819,9.95,-7.32,-13.32
2840,9.54,-11.05,-9.52
2864,8.84,-10.14,-9.96
2885,7.78,-12.75,-12.15
2906,6.58,-13.46,-11.25
2930,6.28,-10.75,-7.17
2951,6.43,-10.37,-11.81
2973,6.20,-8.50,-11.08
2997,5.22,-8.62,-9.12
3023,4.96,-6.70,-9.68
3043,5.23,-5.83,-10.92
3064,5.77,-3.68,-10.97
3084,6.22,-4.93,-8.40
3105,7.38,-3.03,-8.40
3126,8.22,-3.97,-9.07
3150,9.07,-3.28,-9.35
3170,9.72,-3.42,-7.61
3191,9.94,-4.99,-7.45
3215,9.90,-5.51,-9.24
3236,9.59,-8.54,-11.20
3260,9.45,-7.94,-12.43
3281,8.32,-9.21,-8.17
3302,8.54,-6.40,-10.58
3326,9.13,-6.35,-8.45
3346,9.58,-5.55,-11.31
3368,9.39,-6.76,-8.23
3392,8.23,-6.90,-7.17
3413,8.73,-6.83,-11.03
3437,8.67,-5.88,-8.62
3458,7.83,-8.54,-8.90
3482,8.13,-8.24,-14.16
3502,7.23,-6.22,-9.18
3523,6.89,-9.23,-6.49
3544,6.36,-8.88,-14.78
3568,5.55,-7.55,-8.34
3588,5.97,-6.17,-8.17
3609,7.53,-6.86,-8.34
3633,8.68,-6.40,-10.64
3654,9.33,-9.02,-12.37
3676,8.69,-7.37,-8.51
3696,8.71,-6.05,-9.18
3720,9.73,-6.72,-8.73
3741,8.88,-6.29,-7.39
3765,8.44,-9.06,-8.29
3785,8.57,-10.01,-13.10
3806,7.65,-11.98,-9.85
3830,7.14,-10.67,-10.02
3856,7.21,-9.69,-11.25
3876,6.77,-7.59,-11.31
3901,6.42,-7.68,-10.24
3921,6.60,-3.47,-8.06
3941,6.89,-3.70,-7.73
3962,8.58,-1.65,-10.80
3986,9.47,-3.00,-7.33
4007,9.58,-5.06,-8.29
4028,9.46,-8.61,-10.47
4051,7.69,-10.37,-8.34
4072,7.51,-9.10,-10.86
4093,6.70,-9.42,-6.66
4117,6.44,-9.15,-6.94
4138,7.05,-8.22,-10.36
4158,7.07,-9.22,-10.19
4183,6.10,-11.04,-9.57
4203,6.11,-7.18,-10.24
4224,6.43,-5.56,-8.23
4250,7.54,-4.65,-8.51
4270,8.15,-4.30,-9.57
4294,8.19,-5.79,-8.06
4320,8.32,-7.22,-8.57
4341,7.91,-9.44,-9.40
4360,7.25,-8.88,-11.64
4381,6.67,-9.28,-11.48
4405,6.23,-9.13,-8.85
4426,6.03,-7.95,-8.40
4447,6.57,-5.56,-10.86
4467,6.18,-7.90,-9.18
4491,7.29,-3.76,-13.16
4512,8.15,-1.60,-7.89
4533,8.10,-1.12,-3.92
4557,8.24,-2.83,-8.85
4578,9.99,-4.16,-9.96
4602,9.67,-9.22,-6.27
4622,8.96,-10.40,-10.36
4644,8.82,-7.01,-10.64
4667,8.02,-11.79,-10.47
4693,7.05,-13.17,-11.98
4713,5.78,-10.43,-7.73
4747,4.85,-7.44,-11.08
4762,4.33,-6.96,-6.72
4786,6.12,-4.92,-10.47
4807,7.61,-3.81,-9.96
4829,6.68,-6.93,-5.49
4853,7.85,-6.88,-9.80
4873,7.99,-5.16,-11.31
4894,7.58,-7.83,-5.82
4918,8.32,-7.64,-12.09
4939,7.86,-6.90,-11.53
4960,7.53,-7.02,-5.15
4984,8.13,-6.54,-9.12
5004,8.21,-6.58,-11.03
5029,7.80,-8.23,-10.30
5049,6.92,-10.40,-8.17
5070,7.06,-10.03,-12.54
5094,7.08,-7.34,-9.57
5116,7.38,-6.35,-10.36
5140,8.05,-5.20,-9.91
5160,6.73,-8.69,-7.67
5181,6.84,-7.35,-10.41
5205,7.37,-7.90,-11.53
5225,7.22,-8.28,-11.92
5246,7.23,-5.92,-10.30
5267,6.95,-6.39,-5.26
5291,8.18,-3.51,-10.24
5312,7.95,-3.79,-9.18
5335,8.45,-2.56,-8.79
5356,9.25,-3.94,-9.96
5377,8.90,-5.59,-7.89
5398,8.34,-6.09,-8.85
5422,8.36,-5.54,-8.51
5442,8.03,-7.51,-7.50
5467,8.15,-7.91,-10.92
5488,7.40,-6.72,-6.38
5509,6.87,-7.14,-8.45
5532,8.56,-3.95,-9.12
5553,9.39,-2.76,-7.89
5580,8.44,-11.82,-9.74
5599,6.96,-15.44,-13.38
5619,5.04,-15.47,-7.39
5640,4.50,-15.53,-8.90
5664,4.23,-11.64,-10.02
5685,3.24,-12.79,-7.95
5706,2.27,-12.71,-12.43
5729,0.81,-9.92,-9.35
5750,0.38,-7.84,-9.74
5772,0.77,-4.37,-10.47
5796,1.54,-3.94,-9.68
5816,2.63,-2.67,-11.98
5837,3.97,-0.10,-9.29
5859,3.94,-4.08,-7.50
5882,5.18,-4.66,-12.60
5903,5.14,-3.67,-9.63
5924,6.71,-2.51,-8.57
5947,7.64,-6.71,-9.07
5969,7.53,-5.13,-8.96
5992,6.94,-3.66,-5.54
6013,8.95,-2.29,-10.24
6033,8.31,-9.22,-12.43
6063,7.13,-8.20,-8.73
6083,7.61,-5.56,-9.01
6104,7.56,-6.78,-8.29
6125,7.83,-6.39,-7.05
6148,8.52,-5.61,-12.82
6169,7.62,-5.19,-7.45
6190,6.90,-3.25,-8.06
6214,7.77,-3.54,-11.36
6234,7.00,-8.28,-9.07
6255,6.66,-8.77,-8.62
6279,7.09,-7.35,-7.95
6299,7.83,-5.35,-8.01
6320,9.11,-5.92,-10.47
6344,8.90,-8.65,-9.18
6365,8.82,-5.91,-9.01
6386,7.62,-8.49,-11.25
6410,7.02,-8.21,-9.01
6431,6.81,-7.10,-8.79
6451,7.44,-5.52,-7.95
6475,7.61,-5.44,-8.23
6495,7.29,-7.50,-10.30
6516,6.80,-6.20,-9.96
6540,6.01,-6.81,-8.01
6562,5.92,-4.92,-9.52
6581,6.66,-1.88,-8.96
6606,7.55,-7.11,-10.08
6627,8.23,-4.54,-11.87
6648,8.73,-5.76,-5.60
6668,8.65,-6.33,-10.64
6692,8.06,-9.07,-11.64
6713,6.91,-9.50,-8.17
6734,7.01,-6.02,-11.36
6757,6.99,-4.60,-9.63
6778,7.29,-4.30,-7.73
6802,7.91,-2.77,-7.67
6827,9.11,-1.60,-9.80
6847,8.50,-1.51,-7.39
6868,8.82,-3.37,-9.12
6894,9.01,-4.25,-11.20
6914,8.91,-2.82,-7.05
6935,9.05,-2.59,-8.73
6958,8.76,-4.45,-7.50
6980,8.20,-5.03,-9.24
7003,7.86,-4.07,-9.07
7024,7.73,-3.74,-8.29
7045,8.49,-3.12,-7.00
7069,7.94,-5.62,-9.74
7090,7.33,-10.24,-9.12
7111,6.42,-11.98,-10.47
7134,6.02,-12.48,-8.23
7155,5.61,-13.19,-7.73
7176,5.25,-12.23,-13.55
7196,4.22,-10.40,-10.52
7221,3.85,-7.02,-8.96
7241,4.74,-4.18,-8.51
7268,6.63,-4.45,-10.13
7288,7.07,-7.51,-9.52
7311,6.76,-4.23,-8.57
7332,8.08,-2.39,-10.13
7352,8.19,-3.66,-7.45
7376,8.43,-3.69,-9.01
7396,8.33,-3.79,-8.73
7418,8.20,-4.47,-6.38
7438,8.39,-7.58,-11.42
7462,7.73,-10.17,-10.19
7483,6.71,-10.00,-10.41
7507,7.02,-7.22,-8.73
7527,7.47,-6.73,-9.12
7548,7.79,-6.30,-9.80
7568,8.05,-7.15,-9.96
7592,7.69,-6.82,-9.46
7613,7.07,-5.34,-9.01
7636,7.32,-4.14,-7.84
7658,7.72,-3.56,-8.01
7683,8.20,-3.17,-9.52
7704,8.61,-2.48,-9.96
7734,8.34,-3.68,-6.49
7756,8.31,-5.99,-10.08
7775,8.10,-6.79,-11.20
7796,7.92,-6.06,-8.79
7816,8.12,-5.77,-8.79
7837,8.07,-5.90,-9.52
7861,7.96,-5.45,-9.46
7883,7.96,-4.56,-9.46
7903,7.84,-4.86,-8.29
7927,7.81,-5.36,-9.29
7948,7.67,-5.40,-9.52
7969,7.55,-5.63,-9.74
7993,7.27,-4.87,-9.80
8013,7.47,-3.54,-9.74
8034,7.99,-2.30,-8.51
8058,8.47,-2.08,-8.96
8078,8.67,-2.58,-8.90
8103,8.73,-2.87,-7.45
8124,9.08,-2.86,-8.29
8144,9.33,-4.06,-8.17
8169,8.82,-4.75,-9.24
8193,8.62,-4.87,-9.40
8209,8.36,-4.48,-8.29
8233,8.40,-4.32,-8.12
8254,8.42,-4.03,-9.96
8275,8.37,-4.45,-9.35
8300,8.31,-5.86,-8.79
8322,8.04,-6.86,-8.40
8342,7.74,-6.40,-8.96
8366,7.84,-5.64,-9.12
8387,7.92,-5.07,-9.12
8408,7.96,-4.20,-8.51
8432,8.01,-3.72,-9.96
8452,7.99,-3.80,-8.01
8473,8.07,-3.84,-8.85
8496,8.19,-3.43,-10.30
8517,7.82,-4.30,-7.39
8542,7.82,-4.44,-8.79
8561,7.75,-4.92,-10.19
8582,7.77,-4.90,-8.90
8603,8.03,-5.03,-9.07
8623,8.05,-5.86,-7.89
8647,8.22,-6.02,-8.34
8668,8.47,-6.72,-9.01
8691,8.24,-8.17,-9.35
8712,8.17,-8.43,-9.29
8733,7.90,-9.02,-8.96
8756,7.69,-9.13,-8.79
8778,7.32,-9.38,-10.02
8799,7.05,-9.41,-9.01
8822,6.62,-9.38,-9.01
8843,6.33,-9.33,-8.90
8864,6.06,-9.04,-8.51
8888,6.14,-9.05,-9.96
8908,6.31,-9.25,-8.79
8929,6.45,-9.67,-8.34
8958,6.50,-10.06,-7.73
8990,6.42,-11.18,-9.57
9011,5.59,-12.39,-9.01
9035,4.76,-11.58,-8.29
9055,4.31,-10.74,-8.01
9076,4.21,-10.87,-7.89
9100,3.76,-11.11,-8.12
9121,3.36,-10.37,-8.73
9141,3.13,-9.09,-8.12
9166,3.40,-8.68,-8.01
9186,3.67,-8.54,-7.95
9207,3.65,-8.43,-8.12
9228,3.70,-8.25,-8.01
9251,3.83,-7.85,-8.62
9272,3.97,-7.88,-8.34
9293,4.27,-8.15,-7.28
9317,4.72,-8.40,-8.06
9338,5.08,-8.77,-8.68
9358,5.09,-9.00,-7.78
9388,4.93,-9.24,-9.12
9415,4.46,-9.57,-8.85
9447,4.09,-9.49,-7.95
9469,3.19,-9.90,-8.85
9488,2.65,-9.90,-9.40
9512,2.35,-9.36,-8.06
9532,2.03,-8.95,-8.51
9553,1.81,-8.20,-9.07
9577,2.17,-7.81,-9.40
9598,2.38,-7.43,-8.45
9619,2.52,-6.78,-9.01
9639,3.21,-5.74,-8.12
9664,3.85,-5.11,-8.12
9684,4.72,-4.28,-9.52
9705,5.47,-4.02,-8.62
9729,5.91,-4.21,-8.45
9750,4.95,-4.45,-8.85
9770,3.95,-4.95,-8.06
9801,3.08,-5.56,-9.12
9838,2.34,-6.45,-8.01
9858,2.39,-7.01,-8.12
9876,2.28,-7.22,-9.12
9897,2.59,-7.60,-9.74
9917,3.22,-8.66,-10.75
9941,3.05,-9.59,-10.02
9962,2.85,-9.34,-9.29
9985,2.79,-8.83,-9.63
10007,2.40,-8.51,-8.96
10027,2.31,-8.19,-7.95
10049,2.26,-7.89,-9.35
10072,2.65,-7.27,-9.18
10093,2.88,-6.63,-9.68
10113,3.13,-5.86,-9.96
10137,3.43,-5.33,-9.80
10157,3.40,-5.58,-9.07
10178,2.87,-5.79,-9.85
10201,2.38,-6.14,-9.91
10222,2.02,-5.78,-9.35
10254,1.73,-5.71,-9.40
10285,1.19,-5.20,-10.24
10304,1.41,-4.39,-9.18
10323,1.62,-3.68,-9.01
10345,2.02,-3.06,-9.85
10366,1.90,-3.26,-9.01
10390,2.52,-3.39,-8.85
10410,2.48,-3.09,-8.51
10430,2.76,-3.36,-9.12
10453,2.63,-3.91,-8.17
10474,2.61,-3.96,-9.24
10494,2.43,-4.15,-9.74
10518,2.32,-4.13,-8.40
10539,2.39,-3.96,-7.84
10558,2.26,-3.63,-8.73
10582,2.06,-3.30,-9.96
10602,2.09,-3.12,-8.96
10622,2.01,-3.30,-9.12
10646,1.76,-3.18,-9.12
10667,1.79,-3.14,-9.01
10690,2.15,-3.08,-8.62
10712,2.37,-3.50,-9.74
10736,2.51,-3.79,-9.01
10756,2.63,-3.79,-9.18
10776,2.40,-4.07,-9.01
10796,2.02,-4.45,-8.79
10820,1.30,-4.39,-8.73
10841,1.10,-3.21,-9.35
10865,1.16,-2.97,-8.51
10885,0.87,-2.98,-8.40
10905,0.88,-2.50,-9.46
10929,0.54,-3.13,-8.45
10950,0.46,-2.82,-9.29
10970,0.43,-1.76,-8.85
10993,0.87,-1.30,-7.95
11014,1.83,-1.28,-8.01
11035,2.50,-1.39,-9.01
11058,3.02,-1.48,-9.63
11078,3.06,-2.47,-9.07
11099,3.09,-3.07,-9.85
11125,2.88,-3.67,-9.57
11149,2.47,-4.02,-9.01
11169,2.38,-4.02,-9.63
11189,2.06,-4.49,-8.90
11210,1.21,-4.73,-9.01
11233,0.80,-4.93,-9.01
11254,0.46,-4.94,-9.29
11275,0.19,-5.28,-9.40
11298,-0.23,-4.38,-9.96
11319,-0.20,-2.06,-8.62
11343,0.36,-0.64,-8.12
11363,0.76,0.56,-9.29
11383,1.44,1.81,-8.96
11404,1.67,1.69,-8.01
11427,1.65,0.74,-8.68
11448,1.43,-0.02,-9.40
11472,1.23,-0.59,-8.45
11493,1.40,-0.70,-8.79
11513,1.28,-1.28,-9.24
11536,1.26,-1.48,-8.29
11557,1.26,-1.81,-7.95
11576,1.14,-2.06,-7.95
11597,0.80,-2.51,-8.34
11620,0.28,-3.05,-8.23
11641,0.28,-2.95,-9.40
11662,0.09,-2.80,-8.40
11685,-0.01,-2.91,-8.68
11705,0.36,-3.29,-7.95
11725,0.70,-3.45,-8.12
11749,0.99,-4.12,-8.40
11769,0.88,-5.07,-8.45
11790,0.82,-5.94,-9.74
11813,0.63,-6.01,-8.85
11834,0.31,-6.00,-9.85
11854,0.12,-5.74,-8.96
11877,-0.09,-5.27,-8.85
11898,-0.16,-4.57,-8.96
11918,-0.23,-3.80,-9.68
11942,-0.25,-3.26,-9.29
11966,-0.20,-3.04,-8.85
11988,-0.04,-2.98,-9.07
12007,0.06,-3.14,-8.23
12027,0.25,-3.17,-8.01
12051,0.42,-3.10,-8.29
12071,0.55,-2.82,-8.29
12091,0.79,-2.42,-9.52
12112,1.15,-2.07,-9.07
12135,1.27,-1.96,-9.68
12155,1.31,-1.95,-8.73
12175,1.55,-2.12,-8.40
12199,1.63,-2.19,-9.12
12219,1.72,-2.28,-9.01
12240,1.67,-2.28,-8.79
12263,1.62,-2.28,-8.51
12283,1.56,-2.21,-9.07
12307,1.54,-2.15,-8.90
12327,1.57,-2.06,-8.57
12352,1.51,-1.95,-9.12
12371,1.58,-2.07,-9.80
12392,1.56,-1.98,-8.96
12411,1.50,-1.81,-8.68
12432,1.39,-1.73,-9.40
12455,1.44,-1.35,-9.46
12476,1.47,-1.12,-9.52
12499,1.59,-0.98,-8.96
12519,1.46,-0.58,-9.46
12539,1.62,2.01,-8.06
12562,1.95,5.30,-5.77
12583,2.62,8.27,-5.43
12603,3.56,9.55,-5.43
12627,5.02,9.38,-5.99
12647,6.63,8.21,-6.21
12668,8.12,6.64,-6.94
12688,9.67,5.08,-5.43
12712,10.14,2.28,-6.21
12733,9.95,-0.64,-7.33
12757,10.23,-3.07,-6.83
12777,10.45,-4.93,-6.55
12797,10.78,-6.42,-7.11
12816,9.94,-8.42,-6.55
12839,9.17,-10.07,-4.76
12860,8.44,-11.39,-6.10
12880,7.10,-12.96,-6.49
12905,5.84,-14.24,-7.11
12925,4.51,-15.53,-6.05
12945,3.13,-16.97,-6.27
12969,1.41,-18.16,-7.33
12989,0.23,-19.06,-7.45
13009,-0.68,-19.98,-7.95
13033,-1.32,-20.75,-7.84
13053,-2.08,-21.21,-8.29
13073,-3.29,-20.99,-7.89
13096,-4.53,-19.79,-8.51
13116,-6.01,-17.24,-9.07
13140,-7.16,-13.61,-8.90
13165,-7.82,-9.19,-8.17
13186,-7.85,-5.73,-7.78
13211,-7.39,-3.74,-6.05
13234,-6.81,-3.79,-7.45
13257,-6.27,-5.00,-7.78
13277,-5.46,-7.19,-7.61
13301,-4.95,-8.54,-7.95
13322,-4.19,-8.63,-8.85
13342,-3.58,-8.40,-8.96
13367,-2.78,-7.91,-8.90
13388,-1.65,-7.14,-9.18
13412,-1.01,-6.05,-9.07
13433,-0.20,-3.63,-9.35
13454,0.29,-1.80,-8.01
13477,0.85,-0.18,-8.34
13498,1.33,1.00,-7.00
13519,1.50,1.10,-7.17
13543,1.37,0.04,-7.67
13563,1.17,-1.73,-7.73
13584,0.70,-4.13,-8.40
13612,0.28,-6.44,-8.12
13634,-0.44,-7.77,-8.45
13652,-0.78,-7.51,-9.74
13672,-1.00,-7.02,-9.40
13696,-0.87,-5.53,-8.68
13717,-0.57,-4.31,-8.23
13737,-0.30,-3.35,-9.29
13761,0.18,-2.90,-8.73
13785,0.37,-2.54,-9.01
13805,0.63,-2.62,-9.01
13826,0.96,-2.59,-8.96
13851,1.01,-2.83,-9.40
13872,1.24,-3.23,-9.01
13895,1.00,-3.54,-9.12
13915,0.87,-3.64,-8.45
13936,0.71,-3.84,-8.62
13959,0.57,-4.02,-10.19
13980,0.42,-3.89,-8.73
14005,0.15,-3.72,-9.12
14025,0.11,-3.92,-9.40
14045,-0.19,-3.64,-9.40
14065,-0.18,-3.50,-9.07
14089,-0.14,-3.20,-9.40
14109,0.10,-3.26,-10.02
14130,0.10,-3.00,-8.51
14153,0.29,-2.04,-9.40
14174,0.41,-1.62,-8.85
14194,0.73,-1.02,-9.35
14217,1.18,-1.41,-8.90
14238,1.46,-2.02,-9.35
14259,1.75,-2.90,-9.29
14282,1.79,-3.63,-8.45
14303,1.86,-4.20,-9.18
14323,1.69,-4.26,-9.40
14346,1.53,-4.03,-9.18
14367,1.43,-4.14,-8.51
14387,1.38,-4.00,-8.79
14411,1.31,-3.87,-8.96
14432,1.29,-3.57,-9.12
14452,1.34,-3.20,-9.46
14482,1.31,-2.96,-9.57
14500,1.40,-2.37,-8.51
14520,1.47,-1.86,-8.34
14541,1.60,-1.40,-8.96
14561,1.58,-1.09,-8.85
14584,1.63,-1.09,-9.63
14604,1.71,-1.52,-7.78
14625,1.60,-2.29,-8.73
14649,1.48,-3.28,-8.68
14671,1.33,-4.15,-7.56
14691,1.26,-4.30,-9.18
14714,1.01,-5.07,-9.29
14735,0.68,-5.47,-8.57
14755,0.56,-5.13,-9.18
14779,0.33,-4.74,-9.74
14800,0.32,-4.00,-9.85
14820,0.45,-3.78,-9.29
14844,0.48,-3.26,-9.57
14864,0.53,-2.85,-8.62
14884,0.75,-2.50,-8.90
14908,0.88,-2.49,-9.52
14930,1.08,-2.50,-8.79
14953,1.28,-2.68,-8.51
14974,1.29,-3.03,-9.96
14994,1.40,-3.30,-8.73
15014,1.19,-3.52,-9.68
15038,1.08,-3.63,-8.96
15059,0.98,-3.80,-9.40
15079,0.88,-3.92,-9.63
15102,0.63,-3.84,-10.24
15123,0.38,-3.74,-8.90
15144,0.30,-3.59,-10.41
15168,0.18,-3.39,-8.57
15188,0.11,-3.09,-9.40
15209,0.10,-2.83,-9.52
15233,0.16,-2.75,-9.24
15254,0.27,-2.61,-10.24
15274,0.52,-2.35,-8.73
15299,0.72,-2.01,-8.90
15319,0.87,-1.38,-8.96
15339,1.00,-1.18,-8.79
15362,0.99,-1.37,-8.73
15383,0.97,-1.83,-9.68
15403,1.01,-2.29,-8.68
15427,0.82,-3.17,-9.01
15447,0.53,-3.44,-9.57
15468,0.42,-3.69,-8.79
15489,0.23,-3.65,-8.57
15512,0.17,-3.46,-8.62
15533,0.25,-3.15,-9.57
15554,0.36,-3.01,-7.56
15577,0.53,-2.78,-9.85
15598,0.67,-2.68,-9.68
15620,0.79,-2.64,-7.67
15643,0.75,-2.54,-10.52
15664,0.71,-2.47,-10.69
15684,0.64,-2.43,-9.01
15709,0.66,-2.49,-8.79
15733,0.74,-2.41,-9.29
15749,0.70,-2.54,-8.51
15773,0.56,-2.50,-9.29
15793,0.62,-2.35,-9.74
15813,0.69,-2.47,-8.79
15837,0.73,-2.39,-8.85
15858,0.75,-2.58,-8.57
15878,0.81,-2.73,-8.06
15902,0.81,-2.69,-8.68
15923,0.71,-3.33,-9.91
15947,0.57,-3.15,-8.68
15967,0.42,-3.15,-8.96
15988,0.36,-3.13,-8.51
16011,0.72,-3.03,-9.63
16032,0.83,-3.00,-10.02
16056,1.10,-3.07,-8.01
16076,1.34,-2.68,-9.07
16096,1.64,-2.35,-8.23
16121,1.75,-2.59,-9.01
16141,1.61,-3.02,-8.90
16165,1.52,-2.73,-9.85
16185,1.35,-2.90,-8.40
16205,1.33,-2.83,-9.74
16226,1.54,-2.46,-9.07
16249,1.63,-2.53,-8.29
16270,1.74,-2.26,-9.24
16290,1.74,-1.96,-8.68
16314,1.88,-1.73,-9.57
16335,1.85,-1.61,-9.63
16355,1.87,-1.68,-8.29
16378,1.70,-1.51,-9.68
16398,1.65,-2.14,-8.51
16418,1.21,-3.53,-8.79
16442,0.97,-4.83,-8.90
16463,0.63,-5.30,-9.24
16484,0.51,-5.79,-9.91
16507,0.31,-5.95,-10.02
16528,0.08,-5.94,-10.92
16565,-0.02,-5.67,-10.08
16585,0.12,-4.90,-10.75
16624,0.30,-4.37,-8.79
16644,1.01,-2.75,-9.01
16667,1.29,-2.32,-8.51
16688,1.49,-1.98,-9.29
16708,1.58,-2.50,-9.46
16733,1.51,-2.67,-8.96
16753,1.42,-2.84,-8.45
16774,1.45,-2.93,-9.68
16797,1.52,-2.73,-9.07
16819,1.18,-2.63,-9.07
16839,1.10,-2.54,-9.52
16863,1.20,-2.35,-9.24
16884,1.30,-1.90,-8.34
16904,1.27,-1.72,-8.79
16928,1.35,-1.64,-8.23
16950,1.34,-1.58,-9.01
16975,1.67,-1.51,-8.57
16994,1.57,-1.53,-8.73
17014,1.62,-1.74,-8.40
17049,1.64,-2.05,-7.61
17065,1.75,-2.08,-8.45
17089,1.48,-2.41,-9.46
17109,1.40,-2.48,-9.01
17130,1.39,-2.77,-8.45
17154,1.48,-2.73,-9.68
17174,1.57,-2.65,-10.19
17194,1.61,-2.79,-9.18
17217,1.59,-2.38,-8.57
17238,1.60,-2.82,-9.52
17258,1.51,-2.87,-9.07
17282,1.62,-2.53,-9.63
17302,1.49,-2.45,-8.57
17323,1.62,-2.44,-9.24
17347,1.80,-2.45,-9.40
17367,1.73,-2.36,-9.24
17387,1.81,-1.96,-9.80
17413,1.91,-2.02,-8.90
17432,1.92,-1.79,-8.62
17457,2.07,-1.53,-9.40
17477,2.01,-1.47,-9.07
17497,1.99,-1.43,-8.85
17517,1.99,-1.54,-9.01
17541,1.96,-1.69,-8.85
17562,1.89,-2.04,-8.45
17582,1.96,-2.14,-9.07
17605,2.01,-2.41,-8.90
17626,1.81,-2.65,-9.96
17646,1.76,-3.03,-8.01
17666,1.62,-3.34,-8.29
17690,1.59,-3.42,-8.68
17711,1.45,-3.87,-8.57
17731,1.37,-3.91,-9.01
17754,1.41,-3.50,-8.68
17775,1.42,-3.25,-9.24
17799,1.42,-3.23,-9.80
17821,1.27,-3.08,-9.52
17840,1.37,-2.56,-10.64
17860,1.48,-2.31,-9.40
17884,1.33,-2.54,-9.12
17904,1.24,-2.38,-8.62
17925,1.29,-2.06,-9.01
17948,1.30,-2.08,-9.18
17969,1.56,-2.24,-10.19
17990,1.64,-2.06,-8.85
18013,1.64,-2.07,-9.52
18033,1.63,-1.72,-9.63
18054,1.77,-1.52,-9.68
18078,1.77,-1.57,-9.80
18098,1.74,-1.83,-8.79
18119,1.59,-2.03,-8.45
18143,1.65,-2.03,-9.01
18163,1.46,-2.32,-8.62
18184,1.41,-2.59,-8.79
18208,1.40,-2.69,-8.79
18228,1.35,-2.75,-8.62
18253,1.21,-2.72,-9.01
18272,1.32,-2.69,-7.17
18294,1.32,-2.79,-8.85
18314,1.25,-2.69,-8.62
18337,1.20,-2.61,-8.57
18358,1.49,-2.57,-8.79
18379,1.43,-2.37,-9.01
18403,1.16,-2.47,-9.74
18424,1.15,-2.25,-8.73
18449,1.29,-2.19,-9.57
18470,1.07,-2.30,-9.24
18491,1.08,-2.03,-8.96
18515,1.15,-2.04,-8.12
18536,1.20,-1.98,-8.79
18556,1.15,-2.06,-10.08
18580,1.19,-2.29,-8.79
18601,1.26,-2.31,-8.06
18622,1.17,-2.64,-9.68
18645,1.14,-2.76,-8.85
18666,0.98,-3.09,-8.17
18687,0.70,-3.14,-9.07
18710,0.58,-2.65,-9.85
18731,0.37,-1.80,-7.61
18751,0.34,-2.63,-8.23
18775,0.26,-3.25,-8.23
18796,0.51,-3.45,-10.41
18816,0.40,-3.81,-8.23
18840,0.68,-1.95,-9.85
18860,0.88,-1.65,-8.29
18881,0.76,-2.24,-9.63
18905,1.17,-2.00,-9.12
18926,1.20,-2.14,-9.18
18946,1.26,-2.44,-9.01
18970,1.35,-2.29,-10.69
18991,1.38,-1.87,-8.45
19011,1.48,-1.73,-9.74
19035,1.38,-1.96,-8.68
19056,1.36,-2.08,-9.12
19077,1.36,-2.54,-9.18
19101,1.25,-2.88,-9.01
19122,1.35,-2.44,-10.58
19142,1.11,-3.13,-9.29
19167,1.07,-2.42,-9.68
19191,1.02,-1.95,-9.01
19212,0.92,-1.65,-7.61
19233,1.01,-1.41,-9.52
19257,1.28,-1.93,-8.68
19277,1.38,-2.25,-7.84
19298,1.76,-2.56,-10.92
19319,1.80,-2.92,-7.95
19343,1.84,-1.63,-8.85
19364,1.87,0.69,-8.90
19384,2.15,3.86,-7.56
19408,2.72,6.86,-6.83
19429,3.25,8.45,-6.44
19449,3.74,7.96,-4.14
19473,4.11,6.56,-5.15
19498,4.80,4.36,-5.82
19518,5.67,2.28,-6.38
19539,6.40,0.63,-6.61
19559,6.46,-1.52,-5.15
19584,6.69,-3.23,-6.05
19604,6.81,-5.50,-7.45
19624,6.36,-7.19,-7.61
19648,5.86,-8.10,-7.89
19669,4.99,-7.97,-7.39
19689,3.85,-9.36,-5.49
19713,2.75,-10.46,-6.72
19734,1.84,-11.87,-5.82
19754,1.46,-13.43,-6.49
19778,0.97,-14.95,-6.61
19799,0.74,-15.37,-6.33
19820,0.53,-15.12,-7.50
19844,0.26,-14.98,-6.16
19865,0.19,-14.55,-6.55
19885,0.23,-14.13,-6.33
19909,0.14,-14.17,-7.78
19930,0.19,-13.77,-6.61
19953,0.27,-13.87,-6.72
19974,0.71,-14.39,-5.82
19994,0.77,-15.92,-4.70
20014,0.54,-17.16,-7.17
20037,0.38,-17.16,-7.00
20058,0.44,-17.41,-7.11
20078,0.24,-17.54,-6.72
20102,0.15,-18.12,-7.17
20123,-0.19,-19.04,-7.50
20143,-0.81,-19.74,-8.29
20167,-1.63,-20.27,-8.57
20189,-2.87,-20.43,-8.68
20210,-4.25,-19.79,-8.51
20234,-5.86,-18.46,-8.57
20255,-7.47,-16.48,-8.62
20276,-8.86,-13.87,-9.63
20299,-9.89,-10.87,-8.45
20321,-10.18,-7.55,-8.68
20341,-10.10,-4.32,-9.57
20365,-9.54,-2.57,-8.23
20386,-8.89,-1.83,-9.91
20411,-8.02,-1.62,-8.29
20432,-7.06,-1.46,-9.29
20456,-5.78,-1.68,-8.85
20476,-4.53,-1.47,-9.85
20497,-3.19,-1.61,-9.57
20521,-2.17,-1.84,-8.79
20541,-1.08,-2.10,-8.79
20562,0.22,-2.35,-8.34
20585,0.90,-2.59,-9.80
20606,1.12,-2.93,-9.35
20627,1.14,-3.12,-10.36
20650,1.13,-2.98,-8.57
20671,1.08,-2.98,-8.68
20691,0.76,-3.40,-9.46
20715,0.80,-3.21,-9.35
20735,0.97,-3.87,-7.95
20762,1.10,-4.39,-11.87
20793,0.41,-3.25,-8.79
20814,-1.24,-4.38,-9.52
20843,-1.53,-2.46,-7.39
20863,0.38,1.47,-11.48
20883,-0.54,-2.73,-6.83
20903,0.47,-4.66,-10.47
20927,1.03,-4.54,-9.52
20947,1.87,-4.76,-8.40
20968,2.72,-4.72,-9.80
20992,3.31,-4.50,-8.90
21014,2.70,-4.51,-8.96
21034,1.82,-4.94,-8.85
21058,1.42,-4.53,-8.23
21079,1.15,-4.36,-9.35
21099,1.29,-4.63,-8.90
21123,1.28,-5.00,-7.73
21143,1.26,-4.79,-9.01
21167,1.08,-4.60,-9.07
21188,0.65,-4.09,-9.52
21212,0.16,-3.52,-9.74
21232,0.32,-3.50,-9.46
21252,0.38,-3.17,-8.12
21273,0.46,-2.96,-9.85
21298,0.57,-2.40,-9.80
21319,0.84,-2.45,-8.12
21343,0.79,-2.11,-9.46
21363,0.95,-2.48,-8.68
21383,1.29,-3.25,-9.74
21407,1.43,-3.85,-7.95
21427,1.53,-4.43,-8.79
21451,1.12,-5.72,-8.06
21472,0.75,-7.08,-8.96
21492,0.25,-7.63,-8.96
21512,-0.05,-7.10,-10.52
21535,-0.28,-6.53,-9.91
21556,-0.35,-5.31,-9.01
21576,-0.41,-5.20,-9.24
21608,0.12,-3.42,-8.57
21626,0.59,-3.62,-7.05
21647,1.14,-3.64,-12.65
21670,0.33,-5.69,-8.06
21691,0.46,-5.44,-10.19
21711,0.34,-5.90,-10.08
21735,0.15,-4.80,-9.40
21755,0.36,-3.50,-8.29
21775,0.58,-2.24,-9.85
21796,0.64,-1.77,-7.05
21819,0.73,-2.13,-8.90
21840,0.81,-2.56,-9.07
21860,0.63,-2.97,-9.12
21883,0.46,-3.39,-9.40
21904,0.46,-3.38,-8.40
21924,0.69,-3.11,-8.51
21948,0.87,-2.68,-9.29
21968,1.23,-2.24,-9.35
21989,1.45,-2.05,-9.63
22012,1.57,-1.99,-9.57
22033,1.69,-1.71,-9.07
22057,1.64,-1.52,-9.07
22077,1.57,-1.78,-8.85
22097,1.55,-2.10,-9.01
22121,1.58,-2.67,-9.52
22141,1.35,-3.18,-9.74
22161,0.98,-3.73,-8.45
22182,0.66,-3.95,-9.29
22205,0.34,-4.14,-8.73
22225,0.14,-4.25,-8.57
22246,0.38,-4.20,-9.80
22269,0.55,-4.22,-8.96
22290,0.56,-4.00,-9.68
22310,0.78,-3.50,-8.73
22334,0.95,-3.08,-9.91
22355,0.91,-2.90,-8.90
22375,0.96,-2.38,-9.07
22399,0.92,-2.02,-8.68
22419,1.09,-2.04,-8.96
22440,1.09,-2.62,-9.96
22465,1.06,-3.19,-9.40
22484,0.94,-3.69,-8.51
22505,0.72,-3.90,-9.29
22529,0.62,-4.00,-8.23
22550,0.60,-4.02,-9.57
22570,0.73,-4.28,-9.85
22591,0.87,-4.25,-10.24
22615,1.01,-4.33,-9.07
22636,1.11,-4.14,-9.74
22656,1.13,-4.02,-10.64
22680,1.06,-4.00,-8.45
22700,1.04,-3.58,-8.73
22720,0.96,-3.59,-9.07
22744,0.98,-3.31,-9.24
22765,0.94,-3.54,-8.96
22785,1.12,-3.22,-10.41
22809,0.95,-3.19,-9.12
22829,0.93,-2.69,-8.90
22851,0.92,-2.19,-9.63
22874,0.82,-1.68,-9.18
22895,0.95,-1.34,-8.90
22915,1.17,-1.26,-9.07
22939,1.22,-1.61,-8.90
22959,1.29,-1.81,-8.68
22980,1.70,-2.22,-8.85
23004,1.84,-1.53,-8.96
23024,2.03,-4.40,-6.77
23045,1.54,-7.71,-9.74
23069,0.99,-9.27,-9.52
23089,0.97,-8.58,-11.20
23110,1.71,-7.75,-9.12
23133,1.48,-7.08,-9.40
23154,1.54,-6.40,-9.40
23174,1.29,-6.75,-8.73
23195,1.03,-6.46,-8.85
23218,0.66,-6.22,-9.07
23239,0.65,-5.98,-10.19
23263,0.38,-5.92,-9.80
23284,0.08,-5.81,-8.34
23317,-0.14,-5.38,-9.35
23338,-0.19,-4.43,-9.91
23361,-0.15,-3.68,-9.40
23382,0.26,-3.13,-8.73
23402,0.91,-2.50,-10.24
23422,1.69,-2.04,-8.85
23446,2.53,-1.64,-8.29
23466,3.08,-1.32,-9.12
23490,3.55,-1.53,-9.24
23511,3.80,-2.67,-9.24
23531,3.70,-4.02,-9.40
23555,3.48,-5.21,-9.74
23575,3.10,-6.08,-9.40
23596,2.64,-6.99,-9.63
23620,2.00,-7.28,-9.18
23640,1.41,-7.31,-9.35
23660,1.02,-7.10,-8.34
23683,0.45,-6.65,-9.46
23704,0.25,-5.56,-9.18
23725,0.50,-4.17,-9.24
23748,0.99,-3.05,-8.73
23769,1.57,-2.37,-8.34
23789,1.97,-2.52,-8.34
23813,2.24,-2.87,-9.29
23833,2.23,-3.45,-8.12
23853,2.10,-3.73,-8.57
23877,1.96,-3.94,-10.19
23897,1.76,-4.25,-8.23
23917,1.71,-3.98,-9.74
23938,1.80,-3.64,-9.35
23961,1.81,-3.47,-8.29
23981,1.89,-3.19,-8.73
24002,1.90,-3.22,-9.01
24025,2.01,-3.42,-10.30
24046,1.90,-4.08,-8.57
24066,1.97,-4.82,-8.90
24090,1.91,-4.72,-10.13
24110,1.97,-4.86,-10.41
24135,1.92,-4.28,-9.80
24155,2.13,-3.70,-9.12
24175,2.40,-3.46,-8.62
24199,2.32,-3.19,-7.73
24218,2.25,-3.03,-9.07
24240,2.14,-3.22,-9.07
24263,2.01,-3.63,-8.85
24283,1.91,-3.95,-9.24
24304,1.62,-4.14,-8.96
24324,1.42,-4.03,-9.74
24348,1.45,-3.78,-9.46
24368,1.23,-3.63,-9.12
24389,1.26,-3.20,-9.74
24413,1.43,-2.86,-9.57
24433,1.51,-4.83,-8.40
24453,1.48,-8.50,-10.69
24477,0.84,-11.83,-11.03
24497,0.04,-13.35,-11.42
24518,-1.34,-14.64,-11.70
24541,-2.43,-15.05,-12.82
24568,-3.64,-15.14,-11.48
24598,-4.85,-14.75,-11.76
24618,-6.02,-13.83,-11.48
24646,-6.58,-12.57,-12.71
24665,-6.56,-11.24,-11.20
24685,-6.28,-10.35,-11.76
24706,-5.80,-9.92,-11.76
24730,-5.26,-9.94,-11.03
24751,-4.44,-10.70,-11.36
24771,-4.15,-11.22,-11.76
24795,-4.00,-11.71,-12.54
24815,-4.03,-12.14,-12.15
24836,-4.12,-12.13,-12.04
24859,-4.17,-11.78,-11.14
24880,-4.45,-11.62,-11.70
24900,-4.54,-10.97,-12.26
24924,-4.60,-10.68,-12.15
24944,-4.69,-10.35,-13.32
24964,-4.51,-10.25,-11.48
24989,-4.26,-9.82,-12.37
25009,-4.07,-9.61,-12.20
25040,-3.80,-9.34,-11.81
25056,-3.28,-9.01,-12.43
25079,-2.52,-9.29,-11.76
25099,-2.08,-9.77,-12.04
25120,-1.78,-10.26,-12.32
25144,-1.62,-10.96,-11.14
25164,-1.66,-11.67,-12.20
25185,-1.74,-12.22,-11.92
25208,-2.18,-12.89,-11.76
25229,-2.85,-13.32,-10.92
25253,-3.63,-13.59,-12.48
25273,-4.66,-13.68,-10.64
25293,-5.44,-13.84,-11.70
25313,-6.32,-13.29,-10.80
25337,-6.85,-12.68,-11.59
25358,-7.30,-11.96,-11.92
25378,-7.39,-11.02,-11.64
25408,-7.28,-10.33,-12.09
25428,-6.75,-9.52,-11.53
25463,-6.00,-9.05,-11.59
25495,-4.83,-8.89,-12.37
25511,-3.76,-9.37,-12.04
25535,-3.29,-9.55,-11.53
25555,-2.95,-9.65,-11.92
25576,-2.66,-9.90,-12.04
25600,-2.39,-10.22,-11.64
25620,-2.05,-10.91,-11.92
25641,-2.01,-11.23,-11.87
25664,-1.94,-10.78,-12.09
25685,-1.77,-11.62,-11.08
25705,-1.83,-13.62,-11.64
25728,-2.25,-14.60,-11.81
25748,-2.60,-15.09,-11.64
25769,-2.81,-14.91,-12.60
25792,-2.92,-14.62,-12.20
25814,-2.65,-13.92,-12.26
25834,-2.56,-12.29,-11.87
25858,-2.13,-10.33,-10.19
25883,-1.62,-8.28,-9.96
25913,-0.90,-5.96,-9.68
25928,-0.14,-3.65,-9.52
25952,0.43,-2.39,-8.17
25973,0.77,-2.35,-7.56
25993,0.76,-2.70,-6.49
26017,0.92,-3.06,-7.00
26038,0.84,-3.30,-7.56
26062,0.83,-3.35,-7.61
26083,0.93,-3.54,-6.61
26103,0.77,-3.65,-7.11
26124,0.70,-3.47,-7.28
26147,0.82,-3.31,-7.67
26168,0.91,-2.81,-6.66
26188,1.17,-1.87,-6.21
26212,1.33,-0.86,-6.72
26233,1.54,-0.13,-5.65
26254,1.63,0.30,-5.77
26278,1.75,0.52,-5.82
26299,1.91,-0.08,-5.32
26320,1.99,-1.58,-5.93
26343,1.57,-3.66,-5.37
26364,1.40,-5.95,-5.49
26384,0.98,-7.43,-5.54
26408,0.60,-7.73,-6.72
26429,0.35,-7.74,-6.94
26449,0.25,-7.11,-7.22
26473,0.07,-6.39,-7.22
26494,0.03,-5.21,-7.39
26518,0.07,-4.23,-7.73
26539,0.16,-3.54,-6.72
26563,0.25,-3.12,-7.00
26584,0.15,-2.85,-7.61
26604,0.30,-2.70,-7.78
26628,0.42,-2.71,-7.33
26648,0.53,-2.46,-7.00
26674,0.68,-2.40,-6.66
26693,0.71,-2.39,-6.16
26714,0.88,-2.28,-6.94
26738,0.84,-2.46,-7.28
26758,0.87,-2.56,-7.95
26778,0.90,-2.95,-8.06
26799,0.81,-3.03,-6.55
26823,1.08,-2.80,-7.73
26843,0.90,-2.80,-6.89
26863,0.99,-2.80,-7.33
26887,1.23,-2.62,-7.78
26907,1.14,-2.64,-7.61
26927,1.08,-2.51,-6.83
26948,1.20,-2.32,-7.28
26971,1.34,-2.40,-6.66
26992,1.54,-2.47,-7.28
27013,1.61,-2.70,-6.77
27037,1.53,-2.79,-7.00
27058,1.31,-2.86,-7.39
27078,1.38,-2.95,-7.89
27102,1.35,-3.03,-8.85
27130,1.34,-3.12,-8.06
27150,1.45,-3.28,-7.17
27175,1.44,-3.26,-6.61
27194,1.35,-3.30,-7.33
27215,1.36,-3.54,-6.66
27236,1.32,-3.41,-7.95
27259,1.17,-3.48,-5.54
27280,0.95,-3.40,-8.12
27301,1.04,-2.87,-7.56
27324,0.98,-2.57,-6.66
27345,1.32,-0.92,-8.12
27366,1.14,-1.14,-5.32
27389,1.90,-2.38,-9.18
27410,2.42,-5.19,-5.77
27431,2.53,-6.09,-7.67
27454,2.42,-7.46,-8.68
27475,2.05,-7.34,-7.95
27495,2.01,-6.51,-8.40
27521,1.69,-6.05,-7.22
27544,1.58,-4.53,-7.56
27565,1.12,-3.24,-7.67
27586,0.70,-2.47,-6.49
27609,0.11,-1.14,-6.38
27629,-0.06,0.09,-6.49
27650,0.34,0.43,-6.55
27674,0.81,-0.05,-5.65
27696,1.18,-1.59,-6.21
27716,1.20,-3.50,-6.21
27740,1.28,-5.59,-6.61
27761,1.13,-7.12,-6.94
27782,0.88,-7.55,-7.33
27806,0.71,-7.54,-8.12
27826,0.51,-7.13,-8.12
27847,0.57,-6.35,-7.61
27868,0.58,-5.52,-7.73
27892,0.59,-4.86,-8.06
27912,0.60,-4.26,-6.21
27933,0.47,-3.78,-8.01
27957,0.46,-3.36,-7.84
27978,0.38,-3.02,-8.01
28003,0.23,-2.63,-7.00
28027,0.21,-2.57,-7.28
28043,0.38,-2.30,-6.89
28067,0.38,-2.57,-6.94
28087,0.25,-6.20,-8.01
28108,-0.05,-9.93,-8.57
28131,-0.70,-12.46,-9.85
28152,-1.23,-13.48,-10.86
28172,-1.83,-14.31,-9.68
28193,-2.48,-14.94,-9.63
28217,-2.84,-15.32,-9.96
28237,-3.21,-15.44,-10.24
28258,-3.67,-15.55,-10.47
28282,-4.05,-15.61,-9.12
28303,-4.14,-15.67,-9.68
28323,-4.19,-15.65,-11.31
28347,-4.21,-15.69,-9.35
28373,-3.98,-15.65,-9.80
28398,-4.07,-15.90,-10.58
28419,-4.29,-16.17,-9.52
28442,-4.71,-16.22,-10.97
28469,-5.12,-16.31,-9.96
28490,-5.97,-16.25,-10.86
28511,-6.57,-16.03,-9.74
28534,-7.25,-15.37,-10.97
28555,-7.72,-14.85,-9.96
28576,-8.21,-14.09,-9.80
28599,-8.57,-12.75,-10.36
28620,-8.77,-11.43,-11.31
28640,-8.69,-10.60,-9.68
28663,-8.32,-9.35,-10.69
28684,-7.78,-8.58,-10.58
28705,-6.74,-7.84,-10.36
28729,-5.63,-7.39,-9.96
28750,-4.09,-7.32,-10.69
28775,-2.80,-7.00,-9.57
28796,-1.41,-6.75,-10.13
28816,-0.23,-6.19,-9.68
28840,0.69,-5.35,-9.80
28866,1.32,-3.89,-9.24
28885,2.09,-1.65,-8.23
28905,2.48,0.07,-8.57
28925,2.88,1.69,-6.89
28949,3.15,3.14,-7.05
28969,3.28,3.19,-5.99
28989,3.33,1.86,-7.39
29013,3.18,-0.14,-7.28
29034,2.69,-2.54,-6.16
29054,2.48,-3.83,-7.22
29078,2.13,-4.42,-7.11
29099,1.93,-4.31,-7.61
29122,1.80,-3.70,-7.67
29143,1.90,-1.57,-8.34
29163,2.15,1.50,-6.89
29184,2.67,4.39,-5.65
29208,3.24,6.72,-5.77
29233,3.52,6.45,-4.25
29253,3.95,4.66,-6.21
29274,4.16,1.80,-5.54
29294,4.11,-1.74,-5.21
29314,3.85,-5.25,-6.16
29338,3.19,-7.44,-6.55
29358,2.49,-7.44,-5.71
29379,2.14,-6.39,-6.21
29403,2.13,-5.45,-5.65
29423,2.09,-4.79,-4.76
29444,2.08,-5.07,-5.09
29467,1.70,-6.44,-4.65
29488,1.33,-8.46,-5.15
29509,0.57,-10.93,-6.21
29533,0.11,-12.11,-6.49
29553,-0.57,-12.61,-8.06
29574,-1.20,-12.76,-7.84
29597,-1.52,-11.94,-8.34
29618,-1.91,-11.24,-7.00
29640,-2.22,-9.90,-8.06
29669,-1.97,-8.08,-7.33
29706,-1.43,-5.98,-6.38
29722,-0.09,-3.85,-7.56
29742,0.46,-3.56,-7.67
29766,0.73,-3.17,-7.50
29786,1.23,-2.82,-7.39
29808,1.38,-2.69,-7.84
29831,1.54,-2.39,-7.17
29851,1.43,-2.44,-7.45
29871,1.52,-2.32,-7.84
29895,1.56,-2.23,-7.84
29915,1.50,-2.31,-6.55
29936,1.42,-2.03,-7.67
29957,1.42,-1.94,-7.05
29980,1.44,-1.89,-7.45
30001,1.47,-2.10,-7.67
30021,1.40,-1.91,-7.11
30045,1.53,-2.58,-6.66
30076,1.45,-2.46,-7.61
30095,1.54,-1.95,-8.17
30120,1.79,-1.64,-9.24
30145,1.60,-1.58,-7.28
30166,1.92,-1.23,-8.12
30186,2.02,-1.49,-8.23
30209,2.03,-1.93,-7.50
30229,2.01,-2.74,-8.01
30250,1.89,-3.01,-7.39
30273,1.82,-2.88,-7.56
30294,1.82,-2.65,-6.94
30314,1.91,-1.94,-7.11
30338,1.96,-1.78,-7.56
30358,1.82,-1.93,-6.21
30379,1.88,-2.05,-7.22
30399,1.82,-2.32,-6.38
30422,1.74,-2.33,-7.84
30443,1.78,-2.28,-7.45
30467,1.60,-2.15,-7.56
30488,1.57,-2.67,-7.45
30507,1.67,-3.25,-7.89
30531,1.87,-3.64,-7.33
30551,1.90,-3.63,-8.06
30572,2.01,-3.56,-7.61
30592,2.17,-3.31,-7.78
30616,2.26,-2.52,-8.01
30636,2.09,-2.28,-6.49
30657,2.01,-1.80,-6.61
30680,1.68,-1.77,-7.56
30700,1.56,-2.04,-8.40
30720,1.30,-2.62,-7.73
30744,1.12,-2.93,-7.33
30764,0.89,-3.41,-6.77
30785,0.84,-4.18,-6.89
30808,0.67,-4.57,-7.73
30828,0.69,-4.30,-6.77
30849,0.80,-4.15,-7.56
30872,0.67,-4.19,-7.00
30893,0.79,-4.06,-7.17
30914,1.01,-3.68,-7.67
30939,1.23,-3.39,-7.33
30957,1.19,-3.38,-7.45
30977,1.18,-3.20,-7.11
31001,1.00,-3.14,-7.39
31021,0.86,-2.91,-7.05
31041,0.81,-2.56,-8.68
31062,0.75,-2.50,-8.23
31086,0.70,-2.40,-7.95
31111,0.53,-2.36,-7.28
31131,0.74,-2.68,-7.00
31151,0.74,-2.27,-7.73
31175,0.90,-1.81,-7.05
31195,1.03,-1.37,-7.73
31215,0.91,-1.30,-6.55
31238,1.15,-1.31,-8.73
31258,1.12,-1.63,-7.56
31279,1.09,-2.09,-7.56
31303,1.23,-1.76,-7.61
31330,1.23,-1.41,-7.28
31350,1.27,-1.89,-7.05
31371,1.02,-2.28,-7.22
31393,0.95,-2.51,-7.22
31414,0.80,-2.76,-7.89
31434,0.83,-2.70,-8.01
31455,0.52,-2.63,-7.11
31478,0.29,-2.61,-7.67
31498,0.23,-2.46,-7.50
31519,0.12,-1.06,-7.84
31540,0.38,2.52,-7.22
31560,0.72,6.17,-6.10
31583,1.52,9.49,-5.60
31603,1.96,11.15,-3.58
31624,2.41,10.98,-4.59
31647,3.20,9.94,-4.70
31668,3.87,8.52,-4.53
31689,4.87,7.03,-5.37
31713,5.73,5.62,-4.59
31734,6.66,4.05,-5.65
31769,7.15,2.52,-5.15
31790,8.25,-0.21,-4.48
31810,8.62,-1.80,-4.98
31833,8.71,-3.70,-5.93
31854,8.52,-5.39,-4.48
31874,8.18,-6.35,-6.21
31898,7.61,-8.08,-4.31
31919,6.89,-9.71,-5.04
31939,5.93,-11.13,-5.26
31963,4.78,-12.44,-4.93
31984,3.68,-13.55,-5.65
32005,2.30,-14.73,-5.60
32026,0.98,-16.27,-5.09
32050,0.14,-17.60,-5.43
32069,-0.73,-18.64,-5.49
32090,-1.35,-19.88,-5.99
32114,-1.98,-20.71,-6.21
32139,-2.67,-21.16,-6.16
32154,-4.04,-21.08,-6.83
32184,-5.17,-19.40,-6.83
32208,-6.53,-16.39,-6.16
32241,-7.56,-13.54,-6.94
32261,-8.38,-8.23,-6.77
32281,-8.32,-6.41,-6.61
32304,-7.91,-5.99,-6.38
32325,-7.44,-6.20,-6.49
32346,-6.52,-6.40,-7.05
32369,-5.76,-6.37,-6.49
32389,-4.87,-5.92,-7.56
32410,-3.96,-5.47,-6.33
32434,-2.92,-4.78,-6.72
32454,-1.94,-4.28,-6.61
32475,-1.10,-3.79,-8.45
32498,-0.81,-3.57,-8.06
32519,-0.68,-3.44,-6.77
32539,-0.37,-3.11,-7.67
32563,-0.37,-2.96,-7.05
32583,-0.38,-2.76,-8.06
32604,-0.38,-2.63,-7.61
32633,-0.23,-2.32,-7.78
32648,-0.44,-2.27,-7.78
32672,-0.47,-2.01,-7.56
32692,-0.41,-1.91,-7.45
32713,-0.34,-1.96,-6.83
32734,-0.19,-1.83,-7.17
32757,-0.18,-1.71,-7.17
32778,-0.12,-1.67,-8.01
32798,-0.02,-1.74,-7.33
32822,0.09,-1.83,-6.44
32843,0.14,-1.92,-6.89
32863,0.23,-2.07,-8.06
32887,0.15,-1.73,-7.22
32908,0.29,-0.87,-6.77
32928,0.48,-0.01,-6.33
32952,0.56,0.90,-6.21
32973,0.84,1.29,-6.21
32995,0.81,-1.24,-5.37
33018,0.75,-5.39,-7.56
33039,0.20,-8.84,-7.45
33060,-0.47,-10.44,-7.84
33083,-1.03,-11.13,-8.06
33104,-1.52,-10.76,-8.34
33124,-1.70,-9.83,-8.29
33147,-1.69,-8.17,-9.29
33168,-1.54,-6.58,-8.40
33188,-1.22,-5.31,-8.29
33211,-0.69,-4.27,-8.06
33231,-0.51,-3.48,-7.95
33252,-0.38,-2.70,-8.01
33275,-0.05,-2.03,-7.39
33296,0.16,-1.71,-7.45
33316,0.34,-1.93,-7.22
33340,0.40,-2.38,-7.05
33360,0.30,-2.76,-8.29
33381,0.32,-3.12,-8.06
33405,0.34,-3.61,-7.22
33425,0.23,-3.50,-6.77
33445,0.30,-3.23,-8.34
33470,0.34,-3.18,-7.73
33493,0.51,-2.97,-8.17
33513,0.41,-3.05,-7.95
33534,0.37,-2.92,-7.45
33554,0.29,-2.94,-7.45
33578,0.26,-2.76,-7.78
33599,0.30,-2.71,-7.05
33622,0.29,-2.78,-7.39
33643,0.08,-2.65,-8.01
33663,0.31,-2.59,-7.56
33688,0.20,-2.36,-7.39
33708,0.38,-1.64,-7.22
33729,0.51,-1.19,-7.67
33752,0.58,-0.69,-7.17
33773,0.67,-0.03,-6.66
33793,0.82,0.50,-6.72
33817,0.92,-0.78,-5.71
33838,1.06,-2.65,-7.00
33858,0.74,-5.47,-7.00
33881,0.26,-7.40,-7.17
33902,0.00,-8.51,-8.45
33922,-0.47,-8.88,-7.28
33946,-0.89,-8.83,-7.95
33966,-0.99,-8.24,-7.45
33986,-1.19,-7.23,-9.07
34009,-1.08,-6.14,-7.67
34029,-1.02,-5.00,-7.89
34050,-0.81,-4.12,-8.17
34074,-0.53,-2.95,-7.95
34094,-0.04,-2.46,-7.33
34114,0.19,-1.95,-7.39
34137,0.41,-2.32,-6.77
34158,0.51,-2.58,-7.11
34178,0.52,-3.09,-6.77
34202,0.74,-3.49,-6.49
34222,0.90,-3.92,-7.17
34243,0.88,-4.39,-7.56
34268,0.92,-4.80,-7.78
34287,1.00,-5.09,-8.12
34311,0.93,-5.57,-6.83
34336,0.77,-5.75,-7.67
34356,0.50,-5.81,-7.84
34377,0.25,-5.81,-7.78
34398,0.10,-5.21,-8.90
34421,0.04,-4.81,-8.68
34441,-0.08,-3.96,-7.28
34462,-0.07,-3.21,-7.33
34486,-0.01,-2.67,-7.73
34506,0.05,-2.19,-7.00
34526,0.31,-1.96,-7.28
34550,0.69,-2.03,-7.33
34570,0.91,-2.46,-7.22
34591,1.20,-3.01,-7.50
34615,1.06,-3.70,-6.83
34635,1.28,-3.90,-7.73
34656,1.18,-4.11,-7.39
34680,1.01,-4.03,-8.01
34705,1.23,-4.15,-7.56
34726,1.18,-4.02,-7.22
34746,1.23,-3.98,-7.84
34766,1.08,-4.01,-7.39
34790,0.92,-3.54,-7.78
34810,0.76,-3.20,-7.39
34831,0.53,-3.05,-7.28
34855,0.40,-3.19,-7.61
34875,0.34,-3.33,-7.33
34896,0.16,-3.42,-8.85
34916,0.06,-3.48,-7.84
34940,0.07,-3.47,-6.33
34961,0.03,-3.53,-8.90
34982,0.12,-3.67,-7.33
35005,0.23,-3.50,-8.06
35026,0.26,-3.60,-7.00
35046,0.39,-3.68,-8.34
35070,0.42,-3.70,-7.89
35091,0.44,-3.48,-8.06
35111,0.49,-3.09,-8.40
35135,0.63,-2.90,-6.66
35160,0.73,-2.48,-8.12
35181,0.70,-2.38,-8.01
35199,0.68,-1.94,-7.56
35219,0.63,-1.74,-6.72
35240,0.54,-1.63,-7.73
35260,0.56,-1.93,-7.33
35284,0.59,-1.47,-7.73
35305,0.70,1.46,-6.94
35325,0.96,4.67,-6.49
35349,1.54,7.71,-5.49
35369,2.37,9.63,-4.53
35390,3.31,9.83,-4.42
35415,4.41,8.69,-4.53
35435,5.63,7.22,-4.48
35456,6.96,5.73,-4.70
35480,8.37,4.11,-4.81
35501,9.73,2.48,-5.09
35545,10.43,0.48,-4.31
35579,10.27,-4.81,-5.15
35597,9.85,-7.78,-4.81
35617,9.52,-9.19,-5.15
35638,8.99,-10.56,-3.92
35658,8.11,-12.20,-5.49
35682,7.03,-13.67,-4.70
35703,5.69,-14.80,-5.15
35723,4.39,-16.09,-5.26
35747,2.98,-16.87,-4.81
35767,1.54,-17.76,-4.31
35787,0.61,-18.88,-4.70
35811,0.01,-19.60,-5.09
35832,-0.37,-20.37,-4.25
35852,-0.67,-20.87,-5.21
35875,-0.87,-21.08,-4.93
35896,-0.88,-21.33,-4.37
35917,-1.07,-21.13,-4.53
35952,-1.02,-20.66,-5.60
35973,-1.02,-20.27,-4.53
35993,-1.19,-20.30,-5.09
36017,-1.20,-20.59,-5.49
36037,-1.28,-20.27,-5.60
36058,-1.61,-19.55,-5.26
36078,-1.51,-19.29,-5.09
36102,-1.53,-18.91,-5.88
36123,-1.48,-18.62,-4.37
36147,-1.29,-18.44,-4.65
36168,-1.30,-18.22,-5.15
36191,-0.95,-18.57,-5.54
36212,-0.78,-19.16,-5.54
36232,-0.88,-19.40,-4.76
36256,-1.07,-19.08,-5.21
36277,-1.12,-19.27,-5.37
36297,-1.21,-18.45,-5.15
36321,-1.03,-18.59,-4.09
36343,-0.91,-18.02,-5.04
36364,-0.41,-16.77,-5.21
36389,-0.27,-16.76,-5.21
36408,0.21,-16.37,-5.32
36429,0.27,-16.62,-4.81
36453,0.46,-16.30,-5.43
36474,0.47,-16.22,-3.86
36497,0.56,-16.17,-4.76
36518,0.60,-16.11,-4.93
36542,0.65,-15.78,-4.87
36562,0.46,-15.91,-3.81
36583,0.43,-15.96,-5.65
36604,-0.14,-16.85,-5.09
36628,-0.38,-18.42,-5.65
36649,-1.15,-20.14,-5.71
36669,-1.90,-21.26,-6.38
36693,-2.97,-22.62,-7.28
36714,-4.55,-23.43,-6.94
36735,-6.13,-23.22,-7.61
36758,-7.85,-21.58,-7.73
36780,-9.30,-18.38,-7.73
36800,-10.22,-14.43,-7.17
36824,-9.88,-9.48,-5.49
36845,-9.77,-6.34,-5.60
36870,-9.41,-5.46,-5.54
36890,-8.77,-6.06,-6.16
36911,-8.06,-7.53,-5.65
36931,-7.46,-9.12,-6.38
36955,-7.06,-9.82,-6.55
36976,-6.45,-9.51,-7.78
36997,-5.47,-7.99,-8.29
37021,-4.22,-5.51,-7.33
37041,-2.37,-3.63,-7.00
37062,-0.66,-3.56,-7.39
37086,0.41,-4.91,-7.56
37106,0.70,-6.27,-7.61
37127,0.87,-6.85,-8.62
37147,0.90,-7.02,-7.84
37170,0.74,-6.94,-8.85
37191,0.52,-6.45,-8.40
37211,0.49,-5.73,-7.95
37236,0.51,-5.02,-7.84
37260,0.43,-4.47,-8.51
37284,0.51,-4.16,-9.07
37305,0.58,-3.83,-7.50
37326,0.73,-3.54,-7.78
37349,0.74,-3.36,-8.23
37370,0.89,-3.08,-8.40
37390,1.01,-2.90,-6.61
37413,1.16,-2.95,-7.78
37434,1.35,-3.43,-7.22
37457,1.31,-4.15,-8.01
37478,1.38,-4.53,-7.33
37498,1.37,-5.31,-9.18
37519,1.44,-5.70,-7.89
37542,1.33,-5.55,-8.62
37563,1.29,-4.74,-7.78
37583,1.26,-4.78,-9.07
37606,1.07,-4.57,-8.90
37627,1.08,-3.83,-9.40
37651,0.79,-3.23,-7.89
37677,0.70,-2.53,-7.78
37702,0.68,-2.09,-7.89
37718,0.67,-1.87,-7.78
37738,0.72,-2.03,-7.78
37762,0.86,-2.48,-7.33
37783,0.77,-3.12,-7.56
37803,0.68,-3.38,-7.73
37827,0.60,-3.46,-8.23
37848,0.73,-3.57,-7.78
37868,0.84,-3.35,-8.96
37892,0.98,-3.01,-8.01
37912,0.98,-2.91,-8.62
37932,0.98,-3.03,-7.39
37956,1.13,-2.81,-8.17
37976,1.10,-2.36,-7.78
37996,1.12,-2.00,-8.06
38020,0.92,-2.08,-8.29
38041,0.98,-2.42,-7.89
38061,0.78,-2.29,-7.78
38092,0.77,-2.54,-7.67
38118,0.62,-2.96,-7.33
38139,0.37,-1.98,-6.55
38159,0.69,-1.45,-7.39
38182,0.73,-1.06,-8.12
38203,0.69,-1.39,-6.38
38223,0.58,-2.18,-6.72
38247,0.53,-3.14,-7.39
38267,0.38,-4.33,-7.89
38287,0.15,-5.01,-6.83
38311,0.04,-5.58,-8.23
38331,-0.08,-5.89,-8.79
38352,-0.15,-5.69,-8.40
38376,-0.02,-5.22,-8.68
38396,0.05,-4.40,-7.73
38417,0.27,-3.45,-8.29
38441,0.38,-3.17,-8.29
38465,0.62,-2.57,-8.90
38493,0.56,-2.68,-8.12
38516,0.73,-2.47,-8.51
38531,0.69,-2.47,-8.79
38557,0.65,-2.27,-7.73
38580,0.74,-1.90,-8.62
38601,0.62,-1.92,-8.96
38616,0.58,-1.77,-6.55
38632,0.68,-1.75,-7.95
38647,0.74,-1.74,-7.67
38663,0.68,-1.67,-8.40
38679,0.84,-1.84,-7.84
38701,0.77,-2.12,-8.12
38728,0.74,-2.37,-8.17
38750,0.63,-2.68,-6.49
38771,0.70,-2.61,-7.84
38796,0.57,-2.85,-8.12
38817,0.51,-2.86,-7.56
38839,0.51,-2.82,-8.06
38864,0.51,-2.70,-7.89
38885,0.42,-2.75,-7.84
38905,0.37,-2.62,-8.51
38928,0.37,-2.70,-8.73
38949,0.30,-2.59,-8.06
38970,0.49,-2.69,-8.01
38990,0.63,-2.67,-8.96
39014,0.51,-2.62,-8.01
39034,0.40,-2.41,-7.84
39058,0.52,-2.19,-8.17
39079,0.59,-1.93,-7.45
39100,0.84,-1.60,-8.29
39123,0.94,-1.35,-7.61
39144,0.88,-1.46,-7.89
39165,0.85,-1.45,-8.06
39189,0.90,-1.79,-8.06
39209,0.73,-2.12,-7.61
39233,0.71,-2.65,-7.95
39254,0.78,-3.03,-8.06
39274,0.77,-3.03,-8.79
39311,0.77,-3.01,-8.12
39343,0.69,-2.87,-8.23
39358,0.96,-2.73,-7.95
39374,1.02,-3.04,-8.79
39392,0.98,-3.26,-7.22
39408,0.85,-3.23,-7.78
39429,0.89,-3.10,-7.95
39450,0.62,-3.01,-7.89
39473,0.60,-2.96,-7.05
39494,0.52,-2.75,-8.12
39518,0.41,-2.61,-8.29
39538,0.29,-2.56,-8.51
39559,0.36,-2.53,-7.39
39579,0.26,-2.59,-8.17
39603,0.13,-2.75,-8.01
39623,0.26,-2.62,-8.57
39643,0.29,-2.59,-7.22
39667,0.41,-2.43,-8.62
39687,0.75,-2.08,-7.33
39712,0.90,-2.01,-8.45
39732,0.90,-2.39,-7.05
39767,0.97,-2.92,-7.45
39787,1.06,-3.10,-7.61
39807,0.91,-3.33,-8.29
39827,0.73,-3.51,-8.06
39851,0.60,-3.57,-7.84
39871,0.45,-3.54,-8.01
39891,0.35,-3.49,-8.23
39911,0.23,-3.35,-8.23
39934,0.19,-3.13,-7.84
39954,0.31,-2.68,-7.61
39975,0.41,-2.11,-8.51
39999,0.46,-1.79,-8.57
40019,0.52,-1.56,-7.56
40039,0.51,-1.65,-7.89
40062,0.45,-1.89,-7.33
40083,0.47,-2.23,-7.78
40105,0.41,-2.87,-7.39
40129,0.29,-3.25,-7.56
40152,0.09,-3.49,-7.28
40177,0.13,-3.68,-7.11
40196,0.14,-3.59,-8.51
40216,0.12,-3.76,-7.67
40237,0.14,-3.72,-7.45
40260,0.05,-3.85,-8.34
40281,0.00,-3.82,-7.84
40305,0.01,-3.83,-8.57
40325,0.01,-3.67,-8.45
40348,-0.01,-3.72,-7.39
40371,-0.08,-3.62,-8.51
40391,-0.15,-3.42,-7.89
40414,-0.09,-3.01,-8.57
40435,-0.17,-2.83,-8.57
40455,-0.03,-2.48,-7.73
40478,-0.09,-2.02,-7.73
40500,-0.03,-1.46,-7.56
40519,-0.07,-1.57,-7.78
40544,-0.06,-1.84,-8.29
40563,-0.02,-2.10,-7.56
40593,-0.01,-2.51,-9.12
40613,0.00,-2.64,-7.73
40636,-0.12,-3.07,-7.84
40657,-0.10,-3.45,-7.22
40678,-0.10,-3.86,-7.95
40701,-0.30,-3.89,-7.33
40721,-0.52,-4.04,-7.78
40742,-0.53,-3.81,-7.73
40762,-0.52,-3.69,-8.34
40786,-0.48,-3.46,-8.23
40806,-0.36,-3.37,-8.45
40827,-0.23,-3.46,-7.84
40848,-0.31,-3.59,-8.62
40872,-0.36,-3.61,-8.34
40893,-0.54,-3.74,-8.29
40916,-0.53,-3.59,-7.84
40937,-0.57,-3.39,-8.40
40961,-0.37,-3.03,-7.89
40977,-0.45,-2.79,-8.17
41013,-0.45,-2.33,-7.22
41028,-0.44,-1.86,-7.28
41043,-0.24,-1.60,-8.57
41063,-0.26,-1.74,-8.17
41081,-0.32,-1.74,-6.94
41101,-0.29,-1.91,-7.45
41125,-0.26,-2.15,-7.50
41147,-0.51,-2.63,-7.73
41170,-0.65,-3.00,-7.89
41190,-0.65,-3.61,-7.73
41211,-0.70,-3.82,-8.01
41234,-0.77,-4.40,-8.29
41254,-0.74,-4.69,-7.00
41274,-0.75,-4.39,-8.40
41297,-0.70,-4.56,-7.95
41318,-0.64,-5.22,-6.94
41338,-0.48,-5.74,-8.34
41379,-0.42,-5.97,-8.17
41403,-0.67,-6.47,-8.57
41419,-0.86,-6.27,-8.96
41443,-1.03,-6.05,-8.90
41463,-1.04,-5.68,-8.06
41483,-1.14,-5.13,-9.12
41506,-1.19,-4.69,-8.12
41526,-1.06,-4.06,-8.85
41547,-1.13,-3.51,-8.06
41571,-1.03,-2.84,-8.29
41591,-0.91,-2.26,-7.39
41611,-0.61,-1.98,-8.73
41631,-0.43,-1.98,-7.73
41646,-0.24,-2.34,-8.29
41661,-0.29,-2.76,-7.50
41681,-0.16,-3.09,-7.95
41699,-0.02,-3.40,-7.00
41720,0.09,-3.65,-7.67
41739,0.05,-3.81,-7.17
41759,0.10,-3.89,-8.51
41777,0.04,-4.01,-7.11
41798,0.15,-4.11,-8.01
41814,0.03,-4.20,-8.62
41835,0.05,-4.28,-7.73
41856,-0.12,-4.28,-7.50
41876,-0.02,-3.87,-8.57
41897,-0.05,-3.33,-8.23
41920,0.18,-3.16,-7.45
41940,0.21,-3.31,-7.89
41961,0.29,-3.48,-8.17
41984,0.26,-3.51,-7.61
42004,0.40,-3.82,-7.73
42024,0.36,-3.95,-8.29
42047,0.32,-3.74,-7.22
42067,0.36,-3.42,-8.34
42088,0.43,-2.86,-7.73
42111,0.63,-2.23,-8.01
42131,0.79,-1.86,-7.73
42152,0.97,-1.67,-7.50
42175,1.13,-1.88,-7.78
42200,1.10,-2.29,-7.73
42220,0.98,-2.92,-7.05
42244,0.80,-3.48,-8.90
42264,0.64,-3.77,-7.73
42284,0.58,-4.05,-7.78
42307,0.43,-4.18,-7.78
42327,0.46,-4.19,-8.51
42347,0.42,-4.04,-7.84
42370,0.59,-4.01,-7.39
42391,0.41,-3.63,-8.06
42411,0.50,-3.19,-8.62
42431,0.35,-3.25,-8.23
42455,0.30,-2.93,-9.12
42475,0.23,-2.53,-7.78
42496,0.30,-2.50,-7.11
42519,0.27,-2.37,-8.12
42543,0.41,-2.45,-8.12
42572,0.58,-2.64,-7.95
42590,0.58,-2.98,-7.78
42611,0.68,-3.42,-6.77
42631,0.87,-3.55,-7.17
42654,0.90,-3.89,-7.39
42674,1.08,-3.95,-7.45
42694,1.10,-4.15,-7.17
42714,1.31,-4.64,-6.66
42737,1.13,-5.30,-8.06
42757,1.09,-5.46,-8.29
42777,0.94,-5.57,-8.40
42800,0.73,-5.74,-7.95
42821,0.53,-5.56,-7.28
42841,0.42,-5.29,-8.12
42864,0.54,-5.16,-8.51
42884,0.55,-5.12,-7.56
42907,0.45,-4.74,-8.85
42927,0.58,-4.35,-7.95
42951,0.64,-3.91,-7.11
42972,0.84,-3.37,-8.68
42991,0.75,-2.98,-7.05
43016,0.92,-2.30,-7.22
43036,1.08,-1.94,-7.50
43059,1.28,-1.92,-8.68
43079,1.43,-2.25,-8.51
43099,1.58,-2.79,-7.95
43123,1.80,-3.09,-7.11
43144,1.82,-3.50,-7.17
43163,1.95,-4.13,-7.78
43187,1.85,-4.69,-7.73
43208,1.86,-4.94,-7.73
43228,1.96,-5.32,-7.95
43251,1.82,-5.59,-9.12
43271,1.59,-5.64,-8.40
43291,1.49,-5.47,-9.35
43311,1.41,-5.24,-8.73
43334,1.31,-4.83,-8.73
43357,1.17,-4.34,-8.45
43376,1.23,-3.87,-7.56
43401,1.26,-3.31,-8.06
43421,1.26,-3.00,-8.68
43457,1.29,-2.79,-8.12
43475,1.56,-2.79,-8.29
43495,1.46,-3.14,-7.22
43518,1.55,-3.51,-7.22
43538,1.37,-6.84,-6.94
43559,0.98,-11.39,-9.24
43582,0.20,-14.89,-9.07
43603,-0.64,-16.24,-10.47
43624,-1.67,-16.65,-10.19
43647,-2.58,-16.25,-9.96
43668,-3.43,-16.05,-10.86
43691,-4.22,-15.92,-10.75
43711,-4.85,-15.78,-11.03
43731,-5.53,-15.48,-11.31
43755,-6.27,-15.05,-11.08
43775,-6.83,-14.86,-10.64
43795,-6.86,-14.60,-10.92
43825,-7.11,-13.94,-11.25
43851,-7.24,-12.44,-9.85
43867,-6.84,-10.72,-10.58
43891,-6.12,-8.79,-10.52
43911,-5.44,-7.53,-9.63
43931,-4.50,-6.57,-8.45
43955,-3.50,-8.21,-8.45
43975,-2.75,-11.21,-10.86
43995,-2.99,-13.03,-9.96
44019,-3.45,-14.14,-9.91
44039,-4.30,-14.58,-9.91
44059,-5.37,-14.26,-9.01
44079,-6.10,-13.04,-9.52
44103,-6.46,-11.17,-8.90
44129,-6.48,-9.26,-9.24
44149,-5.78,-8.96,-9.07
44172,-5.21,-9.87,-10.19
44196,-4.84,-11.22,-10.08
44245,-4.81,-12.46,-10.19
44264,-5.13,-14.75,-10.69
44291,-5.12,-14.97,-10.75
44314,-5.70,-15.08,-10.97
44334,-6.27,-14.56,-10.30
44354,-6.62,-13.55,-9.80
44374,-6.83,-11.87,-9.96
44397,-6.73,-9.69,-9.80
44418,-6.12,-7.12,-9.18
44439,-5.06,-4.34,-8.85
44457,-3.70,-2.04,-8.23
44477,-2.01,0.08,-9.01
44497,-0.20,1.86,-7.61
44514,1.10,2.78,-7.67
44535,1.61,2.37,-6.44
44550,1.74,0.81,-7.22
44573,1.30,-1.84,-7.22
44591,0.89,-4.76,-8.51
44608,0.40,-6.71,-8.40
44633,-0.13,-7.94,-9.35
44646,-0.63,-8.90,-9.68
44669,-0.81,-9.82,-9.35
44685,-1.04,-10.63,-9.63
44703,-1.20,-11.03,-9.52
44724,-1.26,-11.56,-10.19
44744,-1.26,-11.81,-10.47
44768,-1.36,-12.15,-7.95
44785,-1.35,-12.14,-10.02
44803,-1.48,-12.35,-10.08
44827,-1.49,-12.81,-8.34
44848,-1.52,-13.17,-9.57
44869,-1.89,-13.96,-10.36
44892,-2.34,-14.79,-9.52
44913,-2.93,-15.54,-10.80
44933,-3.53,-15.95,-10.92
44956,-4.22,-15.54,-9.68
44976,-4.91,-14.72,-10.02
44997,-5.46,-13.06,-9.96
45020,-5.65,-11.35,-10.02
45040,-5.55,-9.38,-10.92
45064,-5.13,-7.12,-9.40
45080,-4.11,-5.12,-8.85
45103,-3.08,-3.09,-8.85
45123,-1.97,-0.70,-7.50
45143,-0.71,0.04,-7.33
45166,0.06,-1.33,-7.22
45186,0.23,-3.36,-7.95
45206,0.10,-4.70,-8.90
45229,-0.10,-5.89,-8.40
45250,-0.47,-7.32,-9.52
45273,-0.80,-8.57,-9.07
45293,-1.11,-8.84,-9.52
45314,-1.44,-9.11,-8.85
45334,-1.80,-9.32,-9.85
45357,-1.87,-9.93,-9.68
45377,-2.32,-10.35,-9.12
45400,-2.25,-10.85,-9.74
45421,-2.37,-10.83,-8.90
45452,-2.21,-10.47,-9.85
45476,-2.12,-9.45,-9.46
45495,-1.92,-8.35,-9.12
45519,-1.43,-7.81,-7.95
45539,-1.31,-6.61,-7.45
45560,-0.98,-5.56,-8.45
45583,-0.79,-4.45,-8.23
45603,-0.58,-3.58,-7.50
45623,-0.26,-2.82,-7.78
45643,-0.14,-2.69,-8.23
45666,-0.14,-2.69,-8.17
45686,0.02,-2.69,-7.84
45709,-0.05,-2.87,-8.12
45729,-0.15,-2.95,-8.01
45749,-0.08,-3.03,-8.01
45773,-0.03,-2.95,-8.12
45793,-0.05,-2.91,-8.68
45814,-0.07,-2.84,-8.51
45837,0.01,-2.64,-8.29
45856,-0.04,-2.54,-8.79
45877,-0.06,-2.15,-8.12
45914,-0.05,-1.91,-8.17
45934,0.03,-1.51,-7.67
45957,0.09,-1.82,-8.40
45977,-0.03,-1.93,-8.17
45997,-0.04,-2.15,-8.34
46021,-0.10,-2.72,-8.01
46041,-0.11,-3.26,-6.89
46062,-0.16,-3.51,-8.96
46085,-0.17,-3.70,-7.50
46105,-0.25,-3.48,-9.01
46125,-0.24,-3.45,-8.17
46145,-0.18,-3.04,-8.68
46169,-0.17,-2.77,-7.45
46188,-0.25,-2.41,-8.01
46212,-0.20,-2.20,-8.12
46248,0.03,-2.32,-8.29
46263,0.13,-2.45,-8.34
46284,0.20,-2.52,-7.05
46308,0.22,-2.61,-8.85
46324,0.17,-2.79,-8.68
46347,0.13,-2.72,-8.45
46367,-0.03,-2.46,-8.45
46388,-0.07,-2.39,-7.78
46411,-0.26,-2.65,-7.95
46431,-0.12,-2.76,-8.40
46451,-0.10,-2.66,-7.17
46474,-0.08,-2.46,-8.34
46494,-0.05,-2.37,-8.62
46514,0.02,-2.03,-8.23
46537,0.07,-1.64,-7.78
46552,0.16,-1.55,-7.67
46568,0.15,-1.56,-7.84
46590,0.18,-1.64,-8.17
46604,0.47,-1.85,-7.50
46621,0.57,-2.24,-7.73
46642,0.73,-2.65,-7.39
46657,0.58,-3.34,-7.89
46678,0.43,-3.67,-7.61
46695,0.21,-4.03,-9.07
46714,0.12,-4.13,-8.17
46730,-0.26,-4.41,-8.06
46752,-0.33,-4.23,-8.62
46772,-0.56,-4.19,-8.01
46788,-0.60,-3.76,-8.51
46810,-0.54,-3.23,-7.56
46829,-0.41,-2.76,-8.01
46845,-0.33,-2.55,-7.56
46865,-0.27,-2.16,-8.90
46883,-0.19,-2.01,-8.12
46904,0.01,-1.60,-8.06
46924,0.17,-1.47,-7.89
46947,0.44,-1.90,-8.17
46962,0.56,-2.20,-8.96
46983,0.49,-2.32,-8.01
47007,0.49,-2.58,-9.07
47031,0.52,-2.75,-7.95
47052,0.47,-3.61,-7.89
47082,0.32,-4.13,-8.45
47101,0.19,-4.25,-8.06
47124,0.14,-4.48,-8.17
47144,0.15,-4.42,-8.40
47164,0.31,-4.32,-7.95
47184,0.33,-4.26,-8.12
47208,0.19,-4.33,-7.95
47228,0.12,-4.29,-8.17
47249,-0.04,-4.30,-7.67
47272,-0.23,-4.28,-8.73
47292,-0.42,-4.17,-9.35
47312,-0.66,-4.14,-7.78
47335,-0.61,-3.41,-9.85
47355,-0.36,-2.85,-8.68
47376,-0.10,-2.19,-8.85
47399,0.07,-1.60,-8.34
47419,0.35,-1.14,-8.01
47446,0.67,-1.16,-8.01
47470,0.76,-2.04,-8.29
47494,0.90,-2.81,-7.67
47513,0.87,-3.93,-7.73
47533,1.02,-4.50,-7.00
47553,1.07,-5.04,-7.73
47573,1.17,-3.92,-7.95
47596,1.36,-0.82,-7.56
47616,1.81,2.58,-6.55
47636,2.61,5.80,-5.93
47659,3.43,7.54,-4.70
47680,4.23,7.30,-4.31
47700,5.00,5.78,-5.71
47723,5.38,3.71,-6.05
47743,5.83,1.25,-5.49
47764,6.33,-1.40,-6.21
47787,6.63,-4.85,-5.32
47807,6.73,-8.45,-6.21
47832,6.53,-11.95,-7.00
47852,5.86,-15.38,-8.12
47872,4.33,-17.62,-8.17
47895,2.17,-18.81,-7.28
47910,0.15,-19.09,-6.83
47934,-1.59,-19.07,-8.23
47954,-3.57,-18.33,-7.78
47978,-5.73,-16.92,-7.73
47998,-8.00,-15.13,-7.56
48018,-10.05,-12.51,-8.40
48038,-10.87,-8.96,-6.83
48061,-11.11,-5.65,-7.17
48082,-10.74,-3.54,-6.77
48101,-9.72,-2.10,-5.77
48125,-8.60,-1.25,-6.49
48145,-7.30,-1.80,-7.05
48166,-5.69,-3.21,-7.11
48189,-3.94,-5.31,-6.72
48209,-2.13,-7.23,-7.45
48234,-1.25,-9.00,-7.78
48253,-0.57,-10.47,-7.56
48278,-0.59,-11.27,-8.40
48299,-0.81,-9.94,-9.29
48323,-1.10,-8.39,-8.90
48343,-0.71,-5.13,-7.95
48364,-0.74,-3.51,-7.00
48388,-0.83,-1.98,-6.66
48409,-0.87,-0.52,-5.93
48427,-0.63,0.08,-6.61
48447,-0.08,-0.69,-6.77
48462,0.20,-2.23,-5.32
48479,0.16,-4.15,-6.89
48496,0.22,-6.23,-7.89
48515,0.31,-8.19,-7.67
48532,0.10,-9.39,-7.50
48553,-0.05,-9.25,-8.06
48569,-0.21,-9.49,-8.34
48590,-0.21,-8.99,-7.45
48605,-0.47,-8.55,-7.78
48629,-0.54,-7.33,-8.23
48650,-0.53,-5.59,-7.50
48670,-0.29,-3.19,-7.56
48701,0.19,-1.17,-8.23
48718,1.00,0.81,-6.21
48739,1.66,2.04,-5.65
48760,2.07,1.32,-5.43
48779,2.16,-1.10,-6.33
48804,1.87,-4.47,-5.82
48824,1.43,-7.39,-7.39
48847,0.65,-9.57,-7.78
48868,-0.06,-10.36,-8.01
48888,-0.47,-10.68,-7.45
48913,-0.74,-10.41,-7.73
48933,-0.84,-9.69,-8.62
48954,-0.67,-8.63,-8.45
48977,-0.36,-7.27,-8.17
48998,-0.18,-6.00,-7.95
49019,-0.05,-4.86,-8.73
49039,0.30,-3.63,-8.45
49063,0.69,-2.75,-8.06
49090,0.94,-2.52,-7.89
49116,1.07,-2.46,-8.40
49136,1.23,-2.53,-7.33
49156,1.24,-2.52,-7.95
49179,1.22,-1.95,-7.78
49200,1.32,-0.64,-7.73
49219,1.62,1.59,-7.22
49243,2.01,4.02,-5.65
49263,2.54,5.57,-4.42
49284,2.93,4.48,-7.00
49302,3.23,1.93,-5.82
49321,3.23,-1.18,-5.54
49336,3.26,-4.78,-6.72
49360,2.77,-9.04,-7.45
49381,1.84,-11.84,-6.72
49401,1.10,-12.53,-7.84
49425,0.58,-13.03,-7.78
49447,0.10,-12.71,-7.11
49465,-0.25,-11.38,-8.06
49485,-0.49,-9.17,-8.29
49509,-0.41,-5.09,-8.12
49529,-0.26,-2.09,-6.49
49552,0.18,0.56,-6.49
49572,0.53,2.62,-5.54
49592,1.20,2.61,-3.97
49612,1.63,1.40,-5.32
49636,2.00,-0.40,-5.21
49657,2.40,-2.77,-5.49
49680,3.11,-5.77,-6.21
49700,3.78,-9.06,-6.27
49720,4.70,-11.57,-8.01
49743,5.17,-12.38,-7.22
49763,4.87,-12.09,-6.21
49783,3.81,-11.74,-7.00
49807,2.43,-11.83,-5.37
49828,1.56,-11.94,-5.43
49848,1.04,-12.26,-5.09
49871,0.78,-13.20,-5.15
49892,0.43,-14.27,-4.31
49911,0.15,-15.32,-4.31
49935,-0.18,-16.62,-4.87
49960,-0.19,-17.39,-5.60
49980,-0.04,-17.71,-6.05
50000,-0.02,-18.16,-5.54
50023,0.10,-19.08,-6.05
50043,0.07,-20.63,-6.55
50064,-0.31,-22.30,-7.73
50087,-1.06,-23.47,-7.78
50107,-1.68,-23.35,-7.11
50127,-2.87,-22.64,-8.68
50151,-4.14,-21.39,-7.05
50171,-5.47,-19.64,-7.28
50191,-6.68,-17.66,-6.66
50214,-7.72,-15.61,-7.22
50234,-8.79,-13.35,-6.83
50254,-9.50,-11.01,-7.56
50278,-9.81,-8.78,-7.67
50298,-9.74,-7.05,-7.33
50318,-9.06,-5.98,-7.95
50341,-8.33,-5.44,-7.17
50368,-4.36,-5.14,-8.06
50387,-1.28,-4.96,-8.85
50407,0.15,-4.87,-8.79
50430,1.08,-4.22,-8.85
50450,1.73,-3.31,-8.34
50470,2.24,-2.57,-7.73
50493,2.53,-1.83,-8.79
50514,2.88,-1.25,-6.16
50534,2.82,-1.96,-6.83
50557,2.85,-3.41,-5.65
50577,2.71,-5.04,-5.77
50597,2.31,-6.73,-5.93
50617,1.95,-7.52,-5.43
50640,1.72,-7.51,-5.88
50661,1.69,-7.33,-5.60
50686,1.43,-7.69,-5.65
50710,1.29,-7.80,-5.88
50730,1.22,-7.24,-5.88
50750,1.21,-6.39,-5.93
50774,1.38,-5.40,-5.26
50794,1.48,-4.41,-5.93
50814,1.50,-3.50,-6.16
50834,1.59,-2.94,-5.15
50857,1.65,-2.62,-5.21
50877,1.73,-2.41,-5.54
50902,1.89,-2.63,-4.98
50922,1.83,-3.12,-5.37
50942,1.84,-3.43,-5.26
50965,1.79,-3.62,-4.81
50986,1.67,-3.79,-5.60
51006,1.74,-3.94,-5.77
51030,1.65,-3.99,-5.65
51050,1.49,-4.03,-7.39
51070,1.31,-3.92,-5.37
51094,1.12,-3.86,-5.49
51110,0.95,-3.79,-5.54
51130,0.43,-3.68,-6.44
51148,0.21,-3.18,-5.04
51170,0.01,-3.28,-4.98
51185,-0.03,-3.24,-5.37
51200,-0.16,-3.22,-4.76
51220,-0.08,-3.19,-5.82
51240,-0.01,-3.20,-5.65
51258,0.16,-3.20,-5.43
51277,0.47,-3.17,-5.37
51297,0.67,-3.39,-5.99
51311,0.57,-3.81,-5.43
51335,0.74,-4.02,-5.60
51353,0.79,-4.26,-6.10
51370,0.87,-4.43,-5.71
51388,0.80,-4.39,-5.21
51408,0.77,-4.52,-5.32
51422,0.75,-4.70,-5.43
51445,0.63,-4.96,-5.71
51463,0.48,-4.86,-6.33
51491,0.16,-4.64,-6.33
51510,-0.07,-3.95,-6.38
51532,-0.09,-3.67,-6.44
51555,-0.35,-3.35,-6.83
51576,-0.40,-3.12,-6.10
51596,-0.54,-3.09,-5.09
51619,-0.56,-3.17,-6.05
51639,-0.43,-3.13,-5.77
51660,-0.35,-3.03,-5.54
51683,-0.19,-3.13,-6.10
51703,-0.12,-3.45,-5.26
51723,0.12,-3.54,-6.05
51746,0.41,-3.64,-5.37
51766,0.63,-3.60,-5.04
51786,0.73,-3.45,-5.32
51807,0.68,-3.49,-5.37
51830,0.70,-3.83,-6.27
51850,0.73,-3.98,-4.87
51874,0.61,-4.04,-5.43
51899,0.62,-4.13,-4.87
51925,0.42,-4.08,-5.65
51948,-0.10,-4.33,-6.27
51968,-0.40,-4.31,-5.60
51988,-0.51,-4.20,-5.77
52008,-0.71,-4.13,-6.05
52031,-0.61,-3.18,-5.71
52051,-0.48,-3.11,-5.77
52072,-0.38,-2.90,-6.16
52095,-0.12,-2.19,-5.65
52115,0.14,-2.08,-5.26
52135,0.25,-2.08,-5.71
52159,0.30,-2.17,-5.26
52179,0.38,-2.46,-5.21
52199,0.35,-2.77,-4.42
52222,0.42,-3.42,-5.37
52243,0.27,-3.99,-5.26
52264,0.41,-4.37,-6.27
52288,0.30,-4.48,-5.82
52307,0.38,-4.14,-5.37
52327,0.26,-3.61,-5.37
52356,0.10,-3.81,-5.99
52371,0.05,-3.65,-6.44
52394,0.09,-3.30,-6.10
52414,-0.07,-3.35,-6.10
52435,-0.13,-3.00,-6.05
52455,-0.08,-3.09,-6.05
52478,0.03,-2.75,-6.21
52499,0.13,-2.53,-6.05
52519,0.26,-2.56,-5.60
52542,0.54,-2.78,-5.54
52562,0.81,-1.93,-6.44
52582,0.87,-2.17,-4.65
52606,1.01,-2.64,-5.15
52626,1.17,-2.92,-5.93
52646,0.94,-2.96,-5.88
52669,1.00,-3.09,-5.88
52689,0.93,-3.29,-6.16
52720,0.72,-3.42,-6.10
52739,0.65,-3.51,-5.54
52754,0.52,-3.27,-6.44
52779,0.45,-3.14,-5.99
52798,0.53,-2.98,-5.21
52818,0.43,-2.79,-5.65
52838,0.21,-2.50,-6.16
52861,0.18,-2.05,-5.82
52882,0.12,-1.91,-5.60
52902,0.24,-1.92,-5.32
52925,0.33,-2.28,-4.81
52945,0.55,-2.42,-5.82
52966,0.46,-3.10,-4.93
52989,0.54,-3.37,-6.49
53009,0.51,-3.98,-5.43
53030,0.61,-4.28,-5.15
53053,0.64,-4.20,-6.21
53074,0.96,-4.20,-5.32
53095,0.98,-3.95,-5.32
53119,1.11,-3.76,-5.88
53139,1.13,-4.16,-5.21
53169,1.31,-4.16,-4.42
53191,1.33,-2.87,-5.71
53217,1.58,1.01,-5.21
53240,2.23,5.29,-3.64
53260,2.57,7.71,-3.41
53281,2.76,8.56,-2.58
53301,2.99,7.89,-2.91
53327,3.18,6.39,-2.24
53351,3.01,4.42,-2.74
53371,3.33,3.20,-4.25
53395,3.53,1.52,-2.41
53415,3.43,0.25,-2.86
53436,3.52,-1.20,-3.25
53456,3.72,-2.28,-4.03
53479,3.73,-3.69,-2.46
53500,3.57,-4.75,-3.53
53524,3.13,-6.20,-2.35
53554,2.69,-7.21,-3.41
53570,2.35,-8.36,-3.41
53594,2.28,-9.32,-3.08
53622,2.06,-10.57,-3.41
53641,1.74,-11.95,-3.08
53661,1.67,-13.07,-3.36
53682,1.59,-14.78,-3.58
53705,1.45,-16.21,-3.19
53725,1.20,-17.24,-3.86
53745,0.76,-18.17,-4.37
53768,0.55,-18.97,-4.81
53789,0.23,-19.74,-4.70
53810,-0.12,-19.55,-5.49
53833,-0.46,-18.55,-4.87
53853,-0.37,-16.93,-5.04
53873,-0.24,-15.44,-4.37
53893,-0.15,-14.08,-4.25
53916,-0.20,-12.92,-4.14
53936,-0.36,-12.28,-3.92
53960,-0.41,-12.04,-3.97
53980,-0.46,-12.21,-4.98
54005,-0.52,-11.99,-5.21
54025,-0.32,-10.87,-4.93
54045,-0.19,-9.47,-5.65
54065,-0.13,-7.94,-4.98
54088,0.27,-6.24,-4.87
54109,0.63,-5.64,-4.59
54129,0.92,-5.89,-4.25
54152,1.16,-6.69,-5.65
54172,1.25,-7.75,-6.05
54192,1.20,-8.34,-5.09
54212,1.09,-7.25,-4.37
54236,1.10,-6.20,-4.53
54256,1.29,-5.23,-5.60
54276,1.39,-4.63,-4.59
54299,1.49,-4.81,-5.04
54319,1.46,-5.73,-3.58
54340,1.33,-8.58,-4.31
54364,1.05,-11.02,-5.21
54388,0.53,-13.21,-5.37
54403,0.18,-14.72,-5.43
54426,0.04,-15.28,-5.65
54447,-0.33,-14.73,-6.61
54466,-0.62,-13.12,-6.83
54490,-0.71,-10.96,-6.77
54510,-0.64,-8.55,-6.49
54530,-0.34,-5.72,-5.93
54553,0.12,-3.40,-4.98
54573,0.73,-2.30,-4.14
54593,1.20,-1.70,-5.15
54616,1.58,-2.22,-3.86
54638,1.82,-3.67,-5.26
54658,1.91,-5.56,-4.53
54681,1.70,-7.25,-4.87
54702,1.42,-7.90,-5.37
54722,1.35,-7.36,-5.99
54745,1.16,-6.32,-4.81
54766,1.17,-4.73,-5.04
54786,1.30,-3.84,-4.37
54806,1.34,-3.42,-4.65
54830,1.34,-3.83,-5.32
54859,0.96,-4.91,-4.53
54874,0.53,-5.85,-4.09
54894,0.32,-6.62,-5.49
54915,0.01,-7.47,-4.98
54938,0.01,-7.57,-5.32
54958,-0.14,-7.86,-5.71
54978,-0.21,-7.77,-5.93
55002,-0.28,-7.60,-4.93
55022,-0.21,-7.05,-5.09
55043,-0.07,-6.29,-5.82
55066,0.21,-5.55,-7.33
55086,0.42,-5.24,-4.59
55106,0.67,-2.32,-4.98
55129,1.60,-4.42,-7.50
55149,1.36,-4.75,-3.86
55170,1.56,-3.80,-5.15
55195,2.01,-3.93,-6.49
55214,1.83,-3.90,-5.37
55238,1.94,-4.28,-6.61
55259,1.46,-5.27,-4.59
55284,1.11,-5.53,-5.71
55302,0.79,-5.98,-5.71
55322,0.43,-5.61,-6.05
55345,0.06,-5.19,-5.71
55367,-0.23,-4.96,-4.59
55387,-0.26,-4.85,-5.88
55410,-0.43,-5.29,-4.53
55430,-0.23,-5.70,-5.32
55446,-0.10,-6.01,-5.37
55467,-0.03,-6.09,-5.21
55485,0.18,-5.86,-6.33
55500,0.52,-5.20,-5.04
55516,0.93,-4.59,-5.49
55534,1.21,-4.42,-5.37
55554,1.24,-4.40,-6.05
55572,1.57,-4.36,-6.05
55590,1.61,-4.52,-5.49
55606,1.75,-4.43,-4.53
55630,1.60,-4.85,-6.16
55652,1.62,-4.94,-5.99
55665,1.44,-4.94,-6.16
55685,1.26,-4.93,-7.33
55709,1.15,-4.45,-6.27
55723,1.29,-3.96,-6.05
55744,1.26,-3.64,-5.88
55768,1.16,-3.34,-5.88
55782,0.81,-3.03,-5.71
55805,0.82,-3.04,-6.55
55826,0.91,-3.11,-4.98
55846,1.07,-3.34,-5.54
55864,1.14,-3.34,-5.82
55884,1.24,-3.53,-5.09
55905,1.29,-3.59,-6.21
55928,1.39,-3.47,-5.77
55948,1.54,-3.58,-4.76
55972,1.71,-3.53,-7.28
55993,1.86,-3.31,-7.67
56012,1.67,-3.21,-5.04
56036,1.56,-2.98,-5.43
56056,1.53,-2.94,-4.93
56076,1.56,-2.80,-6.33
56100,1.43,-2.73,-5.93
56121,1.32,-2.37,-4.76
56141,1.23,-2.26,-6.27
56164,1.07,-2.29,-5.15
56185,1.00,-2.34,-4.98
56205,1.05,-2.41,-7.22
56229,0.92,-2.51,-5.88
56249,0.87,-2.70,-5.88
56270,0.86,-2.82,-6.38
56290,0.84,-2.91,-4.65
56314,0.87,-2.67,-5.26
56334,0.82,-2.71,-5.60
56354,0.81,-2.60,-4.93
56377,0.91,-2.60,-5.88
56399,0.90,-2.65,-5.65
56422,0.92,-2.73,-5.54
56442,0.98,-2.82,-5.04
56466,1.06,-2.73,-5.54
56487,1.15,-2.70,-5.32
56507,1.19,-2.86,-5.60
56531,1.02,-2.69,-5.60
56551,1.04,-2.57,-5.15
56572,0.83,-2.21,-5.21
56595,0.76,-1.96,-5.71
56615,0.63,-1.79,-5.49
56635,0.48,-1.75,-5.32
56659,0.34,-1.84,-4.98
56679,0.21,-1.86,-5.04
56700,0.19,-1.96,-5.71
56723,0.20,-2.00,-6.33
56744,0.23,-2.07,-5.43
56764,0.21,-2.01,-6.33
56788,0.20,-1.71,-6.94
56810,0.24,-1.37,-5.21
56843,0.28,-1.23,-5.60
56868,0.32,-1.32,-6.33
56884,0.25,-1.93,-4.87
56908,0.38,-1.85,-4.98
56928,0.34,-2.53,-5.49
56948,0.37,-3.15,-5.65
56971,0.52,-2.98,-6.33
56992,0.69,-2.65,-6.27
57012,0.73,-2.35,-5.77
57035,0.73,-3.30,-5.93
57055,0.38,-6.92,-6.16
57075,-0.08,-10.14,-7.33
57093,-0.81,-12.35,-8.06
57114,-1.68,-13.70,-8.23
57134,-2.39,-14.78,-8.79
57149,-3.09,-15.51,-8.85
57172,-4.25,-15.49,-8.62
57189,-4.81,-15.32,-8.62
57208,-5.43,-14.90,-8.96
57233,-5.34,-14.54,-8.29
57253,-5.27,-14.40,-8.23
57277,-5.16,-14.29,-8.90
57305,-4.91,-14.58,-8.06
57328,-4.78,-15.41,-8.62
57348,-5.25,-15.87,-8.34
57369,-5.41,-16.31,-8.79
57393,-5.61,-16.44,-7.95
57414,-5.72,-16.24,-9.07
57435,-6.71,-15.60,-7.95
57455,-6.74,-15.25,-8.85
57478,-7.60,-13.79,-8.62
57499,-7.59,-13.58,-7.95
57519,-7.53,-13.23,-9.63
57543,-7.38,-13.01,-9.46
57564,-7.21,-12.16,-10.24
57585,-7.23,-11.85,-9.01
57608,-7.03,-11.34,-8.85
57636,-6.68,-10.99,-8.40
57660,-6.67,-10.18,-9.07
57690,-6.56,-9.94,-8.51
57706,-6.42,-9.78,-9.07
57726,-6.42,-9.36,-8.34
57749,-5.97,-8.96,-8.45
57770,-5.57,-8.26,-9.01
57793,-5.19,-7.68,-8.40
57814,-4.57,-7.06,-9.01
57834,-3.94,-6.43,-7.89
57858,-3.21,-5.62,-8.57
57878,-2.41,-4.52,-8.12
57899,-1.26,-2.88,-8.17
57919,-0.34,-0.53,-7.67
57942,0.70,1.38,-6.49
57963,1.57,3.42,-6.94
57986,2.17,4.81,-6.05
58007,2.75,6.52,-6.16
58027,3.23,8.14,-5.60
58052,3.46,9.23,-5.09
58073,3.56,8.79,-4.09
58098,3.80,7.47,-4.76
58135,4.13,5.53,-5.15
58149,3.87,2.92,-5.60
58169,3.69,0.82,-5.99
58193,3.38,-1.01,-6.27
58213,2.59,-2.26,-4.70
58237,2.08,-2.70,-5.26
58253,1.64,-2.58,-5.04
58274,1.38,-2.23,-6.21
58298,1.19,-1.91,-6.10
58318,1.06,-1.57,-5.65
58339,0.99,-1.32,-5.09
58362,0.97,-1.48,-5.37
58382,0.90,-1.98,-5.93
58402,0.82,-2.47,-5.60
58426,0.71,-2.73,-5.77
58446,0.57,-3.09,-6.21
58467,0.46,-3.24,-5.82
58490,0.38,-3.05,-5.21
58511,0.37,-2.67,-5.99
58537,0.36,-2.41,-5.54
58557,0.35,-1.97,-5.49
58576,0.36,-1.67,-5.99
58597,0.25,-1.19,-6.27
58621,0.35,-0.68,-5.49
58641,0.58,-0.12,-6.05
58661,0.73,0.31,-5.54
58682,0.93,0.64,-4.48
58700,1.02,0.70,-5.09
58714,1.12,0.20,-6.05
58738,1.04,-1.03,-4.70
58758,1.04,-2.37,-5.60
58776,0.76,-3.89,-5.60
58796,0.63,-4.86,-5.49
58816,0.32,-5.36,-5.60
58836,-0.04,-5.52,-5.60
58867,-0.15,-5.54,-5.82
58885,-0.40,-5.27,-5.65
58911,-0.58,-4.51,-5.88
58931,-0.90,-3.35,-5.71
58954,-0.87,-2.48,-5.88
58974,-0.53,-1.81,-5.43
58994,-0.50,-1.67,-5.71
59017,-0.41,-1.94,-5.99
59037,-0.56,-2.25,-5.88
59057,-0.47,-2.34,-7.00
59081,-0.37,-2.54,-7.05
59101,-0.10,-2.36,-7.11
59122,-0.01,-2.13,-5.49
59145,0.21,-1.63,-5.37
59165,0.26,-1.57,-5.65
59185,0.41,-1.59,-5.88
59209,0.44,-1.69,-5.54
59229,0.37,-1.99,-5.54
59250,0.53,-2.53,-5.77
59273,0.37,-3.30,-6.61
59294,0.19,-3.84,-5.60
59318,0.00,-4.24,-4.98
59356,-0.16,-4.31,-5.65
59381,-0.38,-4.19,-5.93
59401,-0.36,-3.53,-6.89
59422,-0.28,-3.21,-6.38
59442,-0.15,-2.81,-5.71
59465,-0.13,-2.37,-6.38
59486,0.06,-2.12,-6.89
59506,0.07,-2.02,-6.27
59530,0.21,-1.72,-6.38
59549,0.31,-1.71,-5.99
59564,0.36,-1.69,-6.27
59582,0.52,-1.78,-6.49
59603,0.49,-1.95,-5.71
59617,0.56,-2.02,-5.93
59642,0.56,-2.02,-4.93
59656,0.39,-2.15,-6.27
59673,0.28,-2.19,-6.77
59696,0.28,-2.12,-7.05
59715,0.31,-2.19,-6.94
59739,0.31,-2.13,-5.71
59765,0.34,-2.12,-5.37
59786,0.34,-1.98,-5.82
59806,0.48,-1.69,-6.10
59826,0.53,-1.45,-6.33
59849,0.58,-1.08,-5.32
59869,0.67,-0.97,-5.60
59890,0.68,-0.87,-4.87
59913,0.88,-0.84,-5.82
59933,0.82,-1.34,-5.65
59957,0.95,-1.35,-5.82
59978,0.97,-1.78,-5.93
59998,0.89,-2.15,-5.65
60018,0.76,-2.75,-5.49
60042,0.59,-3.12,-5.82
60062,0.60,-3.28,-6.16
60092,0.67,-3.23,-5.77
60123,0.86,-2.98,-6.33
60142,0.92,-5.91,-5.99
60163,0.57,-9.62,-7.67
60188,-0.28,-13.65,-7.67
60208,-1.24,-15.42,-8.40
60228,-2.35,-16.55,-8.79
60248,-3.69,-17.20,-8.79
60272,-5.03,-17.14,-9.29
60292,-6.35,-16.68,-9.18
60312,-7.69,-15.56,-8.40
60336,-8.69,-14.31,-7.84
60356,-9.31,-12.81,-8.40
60377,-9.65,-11.29,-8.45
60400,-9.66,-10.09,-7.45
60421,-9.39,-9.27,-8.45
60441,-9.00,-8.62,-8.06
60464,-8.51,-8.26,-8.29
60485,-8.02,-8.16,-8.23
60513,-7.57,-7.85,-8.51
60537,-6.79,-7.40,-8.45
60562,-6.10,-7.44,-8.12
60588,-5.81,-6.35,-8.34
60608,-5.00,-5.96,-9.01
60629,-4.68,-4.66,-8.79
60649,-4.18,-4.36,-8.62
60673,-3.50,-4.25,-8.73
60694,-3.20,-4.06,-8.23
60718,-2.70,-3.67,-8.62
60740,-2.38,-3.64,-8.12
60764,-1.87,-3.92,-7.89
60784,-1.08,-4.49,-8.45
60804,-0.71,-5.28,-8.34
60825,-0.50,-6.24,-8.34
60848,-0.24,-6.90,-8.23
60869,-0.01,-6.58,-8.01
60890,0.36,-5.50,-8.79
60915,0.78,-3.23,-8.34
60946,1.26,-1.08,-7.89
60970,2.02,2.05,-6.16
60987,2.56,3.99,-5.49
61018,2.75,5.09,-5.71
61043,2.52,4.90,-4.59
61063,2.27,3.64,-4.76
61084,2.00,2.15,-4.70
61105,1.59,0.37,-5.60
61129,1.21,-1.57,-5.99
61149,0.73,-2.95,-5.54
61170,0.44,-3.59,-5.09
61194,0.12,-3.91,-5.15
61215,0.08,-3.90,-5.65
61236,0.05,-3.71,-5.88
61259,0.05,-3.36,-6.05
61280,0.20,-3.02,-7.00
61304,0.38,-2.50,-5.60
61325,0.45,-2.04,-5.77
61357,0.52,-1.65,-5.93
61378,0.71,-1.21,-6.49
61413,0.96,-1.30,-5.93
61437,1.02,-2.45,-4.76
61457,1.03,-3.23,-6.21
61478,0.95,-3.98,-6.27
61502,0.69,-4.37,-6.44
61523,0.62,-4.58,-6.38
61543,0.37,-4.50,-6.77
61564,0.10,-4.22,-6.66
61588,-0.13,-3.73,-5.77
61609,-0.27,-3.39,-6.16
61630,-0.43,-3.04,-6.33
61654,-0.52,-2.93,-5.71
61674,-0.33,-2.78,-6.05
61695,-0.40,-2.71,-5.49
61719,-0.32,-2.46,-5.77
61739,-0.05,-2.20,-5.60
61764,0.33,-1.90,-4.70
61784,0.69,-1.51,-4.93
61805,0.98,-1.35,-5.71
61826,1.05,-1.49,-5.32
61850,1.22,-1.91,-4.42
61870,1.37,-3.04,-4.31
61891,1.41,-4.68,-5.43
61915,1.17,-6.34,-5.82
61937,0.99,-7.33,-5.93
61958,0.94,-7.52,-6.27
61979,0.97,-7.53,-5.93
62002,0.85,-7.21,-6.49
62023,0.71,-6.84,-5.60
62044,0.86,-5.73,-6.72
62067,0.70,-4.75,-5.21
62088,0.79,-3.84,-5.43
62108,0.86,-3.19,-5.99
62132,0.77,-2.83,-5.65
62153,0.86,-2.65,-6.21
62173,0.86,-2.86,-5.49
62198,0.95,-2.90,-5.60
62239,0.87,-3.01,-5.49
62259,0.97,-3.01,-6.38
62288,0.95,-2.87,-5.77
62308,1.04,-2.94,-5.54
62328,1.12,-3.03,-6.21
62352,1.24,-2.86,-6.05
62373,1.40,-2.73,-5.65
62394,1.51,-2.48,-6.55
62415,1.38,-2.61,-6.21
62435,1.16,-2.69,-6.44
62459,1.25,-2.71,-6.77
62480,1.10,-2.74,-5.60
62501,1.29,-2.54,-6.33
62524,1.23,-2.51,-6.83
62545,1.17,-2.53,-7.56
62566,0.99,-2.59,-6.16
62590,1.01,-2.64,-5.60
62612,1.12,-2.61,-6.21
62648,1.17,-2.57,-6.44
62668,1.44,-2.06,-5.88
62708,1.40,-1.83,-6.21
62727,1.32,-1.32,-6.05
62748,1.36,-1.25,-5.43
62768,1.41,-1.43,-5.21
62792,1.23,-1.97,-6.21
62813,1.29,-2.08,-4.65
62834,1.31,-2.18,-5.82
62858,1.25,-2.29,-5.65
62878,1.26,-2.29,-6.16
62895,1.26,-2.16,-6.10
62917,1.35,-2.03,-5.77
62938,1.10,-2.01,-5.15
62959,0.79,-2.03,-5.65
62976,0.71,-2.08,-5.71
62993,0.49,-2.31,-6.27
63012,0.40,-2.55,-5.65
63037,0.45,-2.67,-5.99
63056,0.23,-2.72,-5.71
63071,0.28,-2.38,-6.61
63097,0.30,-2.18,-6.10
63115,0.45,-1.96,-6.33
63132,0.47,-2.16,-5.32
63153,0.49,-2.30,-5.99
63170,0.57,-2.40,-6.21
63192,0.36,-2.08,-5.88
63208,0.20,-2.13,-6.21
63231,0.08,-1.97,-6.10
63246,0.23,-1.56,-4.87
63267,0.26,-1.39,-6.33
63285,0.22,-1.20,-5.82
63306,0.34,-1.30,-5.99
63320,0.49,-1.38,-6.27
63344,0.58,-1.23,-6.21
63358,0.60,-1.22,-6.10
63380,0.73,-1.36,-6.55
63404,0.73,-1.47,-6.66
63429,0.81,-1.60,-5.99
63447,0.77,-1.91,-6.16
63476,0.75,-2.31,-5.71
63485,0.58,-2.76,-5.04
63505,0.59,-2.96,-5.49
63524,0.48,-2.90,-4.81
63545,0.35,-2.73,-5.77
63568,0.36,-2.79,-5.54
63589,0.43,-2.79,-6.33
63609,0.65,-2.74,-5.49
63630,0.82,-2.85,-6.05
63654,1.15,-2.72,-5.49
63675,1.34,-2.74,-6.33
63699,1.31,-2.68,-5.49
63720,1.19,-2.85,-5.43
63740,1.15,-2.86,-5.37
63765,1.13,-2.74,-5.49
63785,1.30,-2.91,-5.82
63811,1.26,-3.56,-6.16
63836,1.37,-3.80,-6.49
63856,1.17,-3.92,-5.09
63887,1.07,-3.98,-5.21
63902,1.15,-3.92,-6.33
63923,1.23,-3.72,-5.37
63946,1.26,-3.37,-6.49
63969,1.28,-3.07,-5.93
63992,1.51,-2.80,-6.83
64013,1.58,-2.39,-6.16
64033,1.59,-2.08,-5.15
64057,1.62,-1.92,-6.61
64078,1.67,-1.78,-5.43
64098,1.62,-1.51,-5.88
64122,1.79,-2.42,-5.49
64142,1.74,-2.69,-6.44
64164,1.46,-2.87,-5.88
64187,1.51,-2.01,-6.55
64208,1.55,-1.97,-5.65
64238,1.60,-1.79,-5.82
64268,1.69,-1.99,-5.60
64311,1.57,-2.83,-6.05
64326,1.59,-3.41,-5.32
64351,1.75,-3.22,-5.49
64372,1.80,-3.13,-5.93
64392,1.73,-2.97,-5.26
64416,1.80,-2.74,-5.09
64437,1.89,-2.46,-7.78
64458,1.90,-2.26,-5.65
64483,2.02,-1.94,-6.05
64503,1.89,-2.04,-4.81
64524,1.73,-1.97,-6.16
64548,1.76,-2.13,-5.37
64569,1.64,-2.42,-7.00
64589,1.41,-2.42,-4.53
64613,1.28,-2.36,-5.88
64634,1.07,-2.16,-5.77
64665,0.99,-2.22,-5.60
64692,0.93,-2.35,-5.93
64707,0.88,-2.56,-5.49
64731,0.77,-2.60,-5.49
64751,0.77,-2.77,-6.72
64772,0.90,-3.10,-5.32
64793,0.93,-3.13,-5.65
64817,1.04,-3.10,-6.66
64838,1.10,-2.91,-5.71
64859,1.25,-2.69,-6.21
64883,1.43,-2.08,-5.26
64903,1.56,-2.15,-5.21
64924,1.45,-3.23,-5.71
64949,1.09,-4.02,-6.21
64970,0.84,-3.63,-6.33
64992,0.73,-3.23,-5.65
65016,1.14,-1.92,-6.38
65037,2.34,2.02,-5.21
65057,3.23,7.53,-2.69
65081,4.52,12.62,-1.29
65101,6.58,16.48,0.56
65123,9.82,19.79,1.01
65148,12.91,22.47,0.39
65167,15.75,24.15,0.62
65188,19.18,25.53,1.90
65212,22.96,27.57,1.51
65234,26.28,28.16,1.29
65254,29.07,28.67,2.74
65276,32.05,28.93,1.46
65299,35.17,29.34,1.29
65320,38.39,30.00,2.58
65345,41.57,31.10,2.35
65365,44.92,32.33,1.74
65386,48.41,33.76,1.85
65411,51.73,35.42,3.41
65432,55.18,37.76,2.41
65453,58.66,41.75,6.33
65477,61.88,47.52,9.12
65503,65.21,56.11,7.73
65524,67.61,66.31,11.31
65546,69.23,77.55,16.18
65565,70.00,88.41,11.48
65586,70.08,98.24,9.91
65606,69.46,106.65,9.24
65630,68.66,114.27,6.61
65651,67.51,119.98,8.62
65672,66.69,119.28,4.09
65696,66.78,113.88,6.44
65716,67.38,106.42,5.71
65737,70.54,100.54,2.86
65762,75.05,101.07,8.51
65783,78.45,103.88,8.68
65804,81.55,113.34,10.58
65827,84.19,137.68,39.02
65848,83.14,-169.58,46.86
65869,77.87,-136.77,20.49
65893,70.89,-122.92,7.50
65914,63.32,-118.54,5.71
65939,54.71,-116.61,4.87
65961,44.75,-114.21,3.41
65980,34.20,-112.23,2.80
66001,23.82,-109.61,1.90
66025,12.66,-105.36,1.74
66045,1.91,-99.22,0.78
66066,-4.62,-92.60,-0.45
66086,-9.27,-86.17,-0.22
66110,-12.88,-79.93,-1.23
66131,-10.90,-44.99,-3.36
66152,-7.91,-25.97,-4.53
66176,-4.72,-15.76,-4.37
66197,-3.07,-12.32,-4.76
66218,-1.96,-10.48,-5.77
66242,-1.36,-9.00,-5.60
66263,-0.74,-6.96,-4.70
66284,-0.35,-5.15,-4.93
66308,0.14,-3.63,-4.25
66330,0.46,-3.01,-3.81
66354,0.58,-2.88,-4.31
66373,0.84,-3.62,-4.14
66401,0.80,-4.86,-3.41
66424,0.73,-7.25,-2.58
66448,0.74,-9.83,-3.30
66467,0.51,-10.79,-2.30
66489,0.24,-11.67,-3.75
66509,0.19,-12.14,-3.64
66533,0.08,-11.96,-3.41
66554,0.11,-11.74,-4.09
66574,-0.03,-12.11,-4.09
66595,-0.35,-12.26,-4.20
66619,-0.51,-12.11,-3.19
66640,-0.63,-11.80,-3.58
66660,-0.83,-11.44,-4.98
66684,-0.76,-10.87,-4.14
66704,-0.74,-9.79,-4.93
66725,-0.69,-8.81,-4.93
66749,-0.50,-7.60,-4.65
66770,-0.31,-6.33,-4.31
66790,-0.19,-4.96,-4.81
66815,0.09,-4.06,-5.04
66835,0.16,-3.37,-3.58
66859,0.41,-2.76,-4.14
66879,0.42,-2.45,-4.20
66900,0.63,-2.34,-3.64
66922,0.59,-2.40,-4.25
66945,0.66,-2.93,-3.53
66966,0.58,-3.15,-3.81
66986,0.47,-3.37,-3.97
67010,0.37,-3.46,-3.30
67031,0.48,-3.35,-4.37
67052,0.45,-3.15,-3.92
67075,0.26,-3.14,-4.09
67097,0.19,-2.98,-4.70
67117,-0.05,-3.11,-5.15
67141,-0.20,-3.24,-4.09
67161,-0.10,-3.46,-3.81
67182,-0.18,-3.55,-4.31
67212,-0.21,-3.52,-3.97
67231,-0.26,-3.48,-4.53
67248,-0.25,-3.49,-3.86
67278,-0.08,-3.59,-4.53
67299,-0.22,-3.46,-4.48
67319,-0.01,-3.16,-4.59
67339,-0.03,-2.86,-4.53
67363,-0.07,-2.40,-3.58
67384,0.08,-1.96,-3.53
67404,-0.01,-1.93,-3.53
67428,0.00,-2.34,-3.75
67448,-0.17,-3.17,-4.14
67469,-0.35,-3.56,-5.37
67493,-0.46,-3.92,-3.97
67513,-0.38,-4.12,-3.81
67534,-0.22,-4.21,-3.30
67554,-0.14,-4.13,-4.31
67578,-0.02,-3.80,-4.76
67598,0.13,-3.47,-3.97
67619,0.34,-3.25,-5.21
67648,0.56,-3.17,-4.70
67674,0.49,-3.07,-4.14
67691,0.59,-2.95,-4.98
67716,0.50,-2.96,-4.76
67734,0.31,-3.34,-4.70
67753,0.21,-3.52,-4.48
67769,0.08,-3.47,-4.42
67793,0.02,-3.48,-3.97
67814,0.04,-3.41,-4.25
67835,0.15,-3.37,-4.20
67859,0.08,-3.29,-3.81
67878,0.10,-3.19,-3.97
67895,0.03,-3.02,-5.49
67919,0.20,-2.59,-4.48
67939,0.15,-2.31,-4.37
67960,0.23,-2.12,-4.59
67983,0.38,-2.13,-4.31
68004,0.47,-2.21,-4.76
68025,0.58,-2.61,-3.69
68055,0.54,-2.85,-3.97
68075,0.76,-2.96,-3.81
68095,0.82,-2.97,-3.81
68119,0.99,-2.75,-4.20
68139,1.10,-3.14,-4.87
68160,1.09,-3.27,-4.59
68184,1.10,-3.43,-4.48
68205,0.90,-3.72,-3.92
68226,0.73,-3.81,-4.25
68250,0.77,-3.94,-5.26
68271,0.83,-3.87,-5.88
68291,0.81,-3.84,-4.48
68315,0.75,-3.57,-5.65
68335,0.69,-3.22,-5.09
68356,0.57,-2.87,-4.98
68380,0.62,-2.53,-4.98
68400,0.53,-2.42,-4.98
68421,0.45,-2.43,-4.93
68445,0.56,-2.46,-4.65
68470,0.59,-2.66,-4.42
68487,0.72,-2.98,-3.81
68510,0.74,-3.25,-4.37
68531,0.75,-3.40,-4.87
68551,0.85,-3.59,-4.81
68572,0.91,-3.87,-3.19
68596,0.93,-3.83,-5.09
68617,0.97,-3.70,-4.93
68641,0.80,-3.58,-3.81
68662,0.74,-3.35,-5.65
68682,0.77,-3.34,-4.93
68705,0.77,-3.25,-5.04
68726,0.74,-3.20,-4.98
68741,0.70,-3.30,-5.93
68764,0.69,-3.45,-4.65
68779,0.82,-3.48,-5.21
68799,0.99,-3.34,-4.59
68817,1.06,-2.93,-5.54
68838,1.06,-2.41,-5.04
68864,1.26,-1.65,-4.93
68887,1.29,-0.77,-4.37
68911,1.43,0.20,-4.37
68944,1.38,0.43,-2.69
68964,1.30,-0.60,-3.36
68984,1.19,-2.85,-3.64
69008,0.92,-5.13,-4.37
69028,0.65,-7.38,-4.03
69052,0.35,-8.29,-4.53
69072,0.19,-8.57,-4.59
69093,-0.14,-8.44,-4.81
69114,-0.37,-7.96,-5.65
69137,-0.53,-7.30,-5.09
69158,-0.51,-6.03,-4.93
69182,-0.47,-4.92,-4.87
69202,-0.40,-4.17,-4.53
69223,-0.20,-3.35,-4.53
69243,0.13,-2.89,-4.87
69266,0.43,-2.85,-4.65
69287,0.72,-3.19,-4.65
69313,1.01,-3.95,-4.42
69339,1.27,-4.29,-4.87
69359,1.38,-4.19,-4.59
69379,1.24,-4.14,-4.31
69398,1.13,-4.40,-5.26
69422,1.47,-4.61,-7.95
69444,0.82,-4.72,-3.97
69463,0.64,-5.84,-3.92
69488,0.74,-5.10,-6.61
69508,0.76,-7.39,-3.13
69529,1.18,-4.69,-7.28
69549,1.07,-0.96,-2.74
69573,1.17,-2.90,-3.53
69593,0.64,-6.25,-4.87
69614,0.10,-7.44,-4.93
69638,-0.22,-7.24,-4.93
69658,-0.32,-6.10,-4.53
69679,-0.04,-5.03,-5.54
69702,0.15,-4.07,-4.25
69723,0.24,-3.17,-5.88
69748,0.52,-2.68,-5.04
69768,0.65,-2.79,-4.65
69788,0.92,-3.11,-3.75
69813,1.07,-3.42,-4.53
69833,1.18,-3.58,-5.09
69853,1.23,-3.45,-4.65
69873,1.26,-3.23,-4.87
69897,1.29,-2.95,-4.98
69917,1.43,-2.80,-4.93
69938,1.53,-2.62,-4.93
69962,1.42,-2.85,-3.13
69982,1.32,-3.00,-4.93
70003,1.26,-3.19,-5.37
70023,1.03,-3.40,-3.92
70047,0.87,-3.45,-4.03
70068,0.67,-3.50,-6.10
70091,0.56,-3.31,-4.81
70112,0.57,-3.10,-4.37
70133,0.60,-3.02,-4.87
70153,0.46,-2.83,-4.98
70180,0.38,-2.89,-5.04
70204,0.37,-3.06,-5.04
70223,0.45,-3.08,-5.04
70244,0.46,-3.11,-4.25
70265,0.70,-3.02,-5.26
70289,0.75,-2.97,-4.20
70309,0.84,-2.86,-5.60
70333,0.90,-2.96,-4.81
70355,0.97,-3.00,-5.77
70376,0.93,-3.14,-5.15
70396,1.01,-3.07,-4.65
70420,1.09,-3.45,-4.59
70434,1.07,-3.56,-4.48
70455,1.11,-3.72,-5.26
70479,0.97,-4.24,-4.09
70499,0.86,-4.00,-5.49
70520,0.90,-3.89,-4.65
70543,0.70,-3.91,-4.25
70559,0.72,-3.42,-5.60
70583,0.70,-3.45,-5.93
70608,0.54,-3.18,-4.76
70625,0.58,-3.19,-4.87
70645,0.54,-2.86,-3.97
70668,0.65,-2.71,-4.87
70689,0.70,-2.67,-4.81
70709,0.90,-2.51,-5.21
70733,0.81,-2.72,-5.09
70755,0.81,-2.76,-4.25
70779,0.90,-2.69,-4.37
70800,0.93,-2.66,-4.98
70823,1.06,-2.91,-4.31
70844,1.01,-3.01,-4.14
70865,1.15,-3.10,-5.15
70888,1.11,-3.31,-3.53
70908,1.00,-3.30,-4.53
70933,0.85,-3.22,-4.81
70953,1.06,-2.96,-5.21
70979,1.16,-3.14,-4.76
70998,1.13,-3.25,-4.70
71025,1.07,-3.30,-4.37
71045,1.09,-3.26,-5.21
71069,1.01,-3.25,-5.15
71089,1.06,-2.82,-4.93
71109,1.06,-2.50,-4.37
71130,1.00,-1.99,-5.15
71154,0.88,-1.77,-4.59
71174,0.85,-1.90,-3.81
71195,0.78,-2.24,-4.48
71218,0.68,-2.89,-4.65
71239,0.43,-3.22,-4.42
71259,0.51,-3.66,-3.81
71283,0.56,-3.73,-4.93
71304,0.62,-3.72,-5.37
71324,0.67,-3.68,-4.87
71348,0.64,-3.50,-5.26
71368,0.77,-3.14,-4.53
71389,0.81,-3.07,-5.93
71413,0.91,-3.08,-4.76
71449,0.93,-2.92,-4.65
71478,1.25,-3.08,-5.88
71502,1.38,-3.00,-5.99
71522,1.28,-3.17,-5.60
71543,1.18,-3.13,-5.99
71566,1.13,-2.87,-4.70
71588,1.20,-2.58,-4.70
71608,1.10,-2.42,-4.42
71632,1.00,-2.34,-4.87
71653,0.92,-2.26,-5.71
71673,0.88,-2.17,-4.65
71694,0.85,-2.15,-4.37
71718,0.92,-2.56,-4.76
71739,0.85,-2.66,-4.87
71759,0.82,-2.84,-4.48
71783,0.90,-2.81,-3.47
71803,0.96,-2.79,-4.70
71828,1.07,-2.92,-4.93
71848,1.20,-2.98,-5.37
71868,1.10,-3.06,-4.87
71893,1.08,-3.00,-5.60
71914,1.03,-3.16,-4.93
71938,1.03,-3.13,-4.87
71958,1.03,-2.98,-4.09
71982,1.10,-2.74,-4.70
72004,0.92,-3.07,-4.25
72023,0.88,-3.01,-5.09
72047,0.71,-2.90,-5.37
72068,0.65,-2.71,-4.59
72088,0.66,-2.70,-4.98
72109,0.79,-2.61,-4.93
72132,0.56,-2.41,-3.92
72152,0.48,-2.25,-4.20
72173,0.59,-2.15,-5.09
72193,0.59,-2.17,-5.09
72211,0.81,-2.22,-4.59
72230,0.75,-2.31,-4.93
72250,0.73,-2.62,-4.53
72271,0.77,-2.80,-4.59
72297,0.70,-3.08,-3.69
72321,0.67,-3.04,-4.37
72341,0.79,-2.98,-6.38
72362,0.78,-2.91,-5.49
72385,0.64,-2.84,-4.70
72406,0.58,-2.48,-5.65
72426,0.60,-2.27,-5.21
72447,0.73,-2.19,-4.31
72471,0.76,-1.98,-5.21
72492,0.78,-1.88,-4.93
72512,0.84,-1.87,-4.65
72536,0.83,-2.00,-4.70
72557,0.77,-2.13,-3.47
72578,0.74,-2.94,-4.59
72601,0.71,-3.34,-5.71
72622,0.70,-3.69,-5.88
72649,0.65,-3.64,-5.15
72672,0.43,-3.51,-5.65
72693,0.59,-3.15,-4.65
72722,0.69,-2.90,-5.49
72757,0.56,-2.53,-4.98
72777,0.66,-1.77,-4.65
72798,0.65,-1.59,-4.93
72821,0.76,-1.78,-4.25
72842,0.70,-2.34,-4.25
72863,0.62,-2.79,-4.42
72886,0.53,-3.05,-4.98
72907,0.41,-3.30,-4.53
72927,0.35,-3.36,-4.87
72948,0.34,-3.27,-5.09
72973,0.25,-2.86,-4.93
72994,0.11,-2.93,-4.59
73017,0.18,-2.82,-5.21
73038,0.13,-2.97,-4.76
73059,0.17,-3.16,-5.37
73088,0.00,-3.25,-5.15
73113,0.05,-3.12,-5.04
73134,0.10,-3.02,-4.48
73151,0.16,-2.94,-4.37
73170,0.23,-2.75,-4.53
73188,0.20,-2.68,-5.04
73208,0.34,-2.63,-4.42
73230,0.42,-2.64,-4.09
73254,0.45,-2.85,-4.25
73272,0.58,-2.82,-4.65
73290,0.57,-3.00,-4.59
73314,0.56,-3.03,-5.15
73335,0.41,-2.91,-4.48
73356,0.42,-2.75,-4.37
73379,0.35,-2.72,-4.76
73400,0.39,-3.54,-4.98
73421,0.21,-4.92,-5.43
73444,-0.03,-6.23,-6.10
73465,-0.24,-7.14,-6.21
73490,-0.37,-7.47,-6.16
73511,-0.65,-7.29,-5.32
73541,-0.79,-7.02,-5.37
73560,-0.67,-6.44,-6.61
73580,-0.57,-5.79,-4.65
73600,-0.57,-5.29,-4.87
73624,-0.48,-5.23,-5.32
73645,-0.37,-5.41,-5.21
73665,-0.22,-5.86,-5.88
73688,-0.09,-6.34,-5.88
73709,-0.07,-6.90,-5.88
73730,-0.04,-7.34,-6.61
73754,-0.05,-7.72,-5.43
73775,-0.10,-8.00,-5.54
73796,-0.21,-8.03,-6.27
73819,-0.36,-8.05,-6.49
73840,-0.65,-8.19,-6.21
73861,-0.57,-8.12,-6.05
73885,-0.54,-8.23,-5.93
73907,-0.42,-8.26,-6.44
73932,-0.48,-8.24,-5.99
73955,-0.38,-8.01,-5.88
73975,-0.62,-8.01,-6.94
73996,-0.57,-7.95,-6.49
74016,-0.44,-7.70,-5.99
74039,-0.21,-7.73,-6.21
74060,-0.10,-7.79,-4.70
74081,-0.07,-7.90,-6.21
74104,-0.07,-8.11,-5.93
74124,-0.04,-8.06,-5.82
74146,-0.01,-8.13,-5.99
74163,0.19,-7.92,-5.37
74184,0.27,-7.79,-6.66
74204,0.42,-7.61,-5.71
74228,0.41,-7.46,-5.93
74248,0.45,-7.43,-6.27
74263,0.45,-7.33,-5.93
74285,0.35,-7.14,-5.37
74314,0.41,-7.00,-5.26
74346,0.54,-6.72,-5.82
74403,0.59,-6.45,-5.77
74426,0.89,-6.01,-6.27
74447,0.92,-5.83,-5.15
74467,0.96,-5.81,-5.93
74490,0.90,-5.69,-5.09
74510,0.86,-5.63,-6.05
74532,1.01,-5.44,-5.21
74556,0.92,-5.25,-5.71
74576,0.97,-5.30,-5.43
74597,0.79,-5.29,-5.43
74621,0.66,-5.24,-5.49
74642,0.66,-5.29,-4.20
74662,0.60,-5.21,-4.59
74686,0.45,-5.19,-5.43
74706,0.52,-5.01,-5.77
74731,0.59,-4.94,-5.93
74753,0.57,-4.85,-4.59
74777,0.69,-4.48,-5.32
74803,0.67,-4.34,-5.43
74822,0.84,-3.97,-4.59
74843,0.82,-3.75,-4.48
74867,0.81,-3.59,-5.77
74888,0.79,-3.62,-4.98
74909,1.01,-3.48,-4.93
74929,0.94,-3.52,-5.21
74954,0.88,-3.38,-4.93
74974,0.85,-3.12,-4.09
74999,0.77,-2.70,-5.21
75019,0.67,-2.47,-4.65
75041,0.57,-2.32,-5.09
75062,0.53,-2.34,-4.20
75086,0.40,-2.45,-4.14
75107,0.35,-2.71,-4.31
75128,0.25,-2.97,-4.09
75153,0.23,-3.14,-4.93
75192,0.07,-3.22,-4.03
75224,0.07,-3.23,-3.69
75241,-0.10,-3.34,-4.93
75261,0.00,-3.47,-3.81
75285,0.07,-3.57,-4.20
75306,0.24,-3.82,-4.42
75328,0.14,-4.22,-4.31
75352,0.12,-4.57,-4.14
75373,-0.12,-4.82,-3.53
75394,-0.29,-4.92,-3.97
75418,-0.30,-4.76,-4.76
75439,-0.41,-4.72,-4.37
75460,-0.48,-4.53,-4.53
75485,-0.66,-4.53,-4.59
75506,-0.73,-4.38,-4.37
75527,-0.65,-4.33,-3.64
75551,-0.59,-4.14,-4.65
75572,-0.36,-4.17,-4.87
75598,-0.25,-4.36,-4.65
75623,-0.03,-4.69,-3.75
75639,-0.04,-5.14,-3.81
75669,0.03,-6.08,-5.15
75691,0.03,-6.54,-3.47
75712,0.01,-6.74,-5.09
75733,-0.05,-6.79,-4.25
75757,-0.03,-6.70,-4.14
75780,-0.08,-6.36,-3.69
75805,-0.01,-5.79,-4.20
75825,-0.32,-5.44,-4.48
75849,-0.29,-5.06,-4.03
75870,-0.16,-4.80,-3.86
75891,0.16,-4.54,-4.37
75915,0.22,-4.66,-4.65
75936,0.31,-4.92,-4.20
75956,0.42,-5.27,-3.02
75980,0.53,-5.73,-4.20
76001,0.58,-6.20,-4.76
76022,0.39,-6.50,-4.53
76048,0.48,-6.39,-4.70
76067,0.56,-6.11,-4.76
76094,0.62,-5.82,-3.86
76113,0.68,-5.31,-3.47
76133,0.72,-5.13,-3.64
76154,0.70,-4.78,-4.93
76178,0.65,-4.68,-4.48
76200,0.71,-4.59,-4.81
76221,0.77,-4.64,-4.03
76245,0.75,-4.73,-3.75
76266,0.79,-4.89,-4.53
76287,0.79,-4.89,-3.25
76311,0.64,-4.83,-4.48
76332,0.63,-4.62,-4.76
76353,0.46,-4.45,-4.59
76378,0.40,-4.41,-4.81
76399,0.35,-4.58,-5.09
76420,0.37,-4.37,-4.25
76445,0.33,-4.35,-4.31
76473,0.43,-4.39,-4.31
76493,0.54,-4.21,-4.98
76514,0.62,-4.13,-4.59
76543,0.63,-4.12,-4.59
76559,0.67,-4.19,-3.97
76580,0.67,-4.25,-5.49
76604,0.80,-4.36,-4.70
76625,0.77,-4.34,-4.76
76645,0.82,-4.34,-4.81
76670,0.80,-4.32,-4.31
76691,0.81,-4.01,-4.87
76711,0.88,-3.92,-5.21
76735,0.81,-3.85,-4.87
76757,0.70,-3.83,-4.42
76777,0.68,-3.61,-4.76
76801,0.69,-3.39,-4.81
76822,0.71,-3.16,-5.21
76843,0.57,-3.03,-5.37
76868,0.51,-2.95,-5.65
76893,0.40,-2.96,-5.21
76912,0.29,-3.11,-4.53
76933,0.31,-3.11,-5.60
76960,0.47,-3.24,-5.37
76985,0.49,-3.56,-5.43
77006,0.49,-3.67,-5.37
77027,0.24,-3.78,-4.65
77051,0.21,-3.77,-4.81
77072,0.17,-3.76,-4.65
77092,0.08,-3.87,-5.65
77116,0.01,-3.94,-4.65
77132,0.10,-3.72,-5.15
77152,0.15,-3.62,-5.54
77173,0.23,-3.67,-5.49
77197,0.16,-3.74,-5.21
77218,0.20,-4.06,-4.93
77235,0.07,-4.20,-4.98
77257,0.04,-4.39,-5.49
77276,0.04,-4.47,-5.77
77304,-0.03,-4.60,-4.81
77326,-0.15,-4.59,-5.26
77344,-0.36,-4.53,-5.71
77365,-0.43,-4.55,-5.82
77386,-0.50,-4.56,-4.81
77405,-0.47,-4.55,-4.76
77425,-0.29,-4.49,-5.26
77446,0.03,-4.23,-5.09
77467,0.17,-4.15,-4.98
77486,0.31,-4.25,-5.15
77506,0.41,-4.12,-5.15
77527,0.59,-4.00,-5.99
77551,0.79,-3.91,-5.49
77566,1.07,-3.96,-4.98
77585,0.91,-4.04,-4.81
77605,0.79,-4.01,-4.98
77621,0.64,-4.09,-5.49
77637,0.52,-4.20,-4.81
77656,0.41,-4.19,-5.09
77677,0.32,-4.07,-4.76
77699,0.29,-3.79,-5.49
77729,0.16,-3.61,-5.04
77764,0.24,-3.40,-4.25
77784,0.19,-3.40,-4.03
77809,0.28,-3.42,-4.65
77829,0.40,-3.24,-4.98
77850,0.52,-3.12,-4.70
77874,0.53,-3.15,-5.71
77895,0.65,-3.14,-5.54
77918,0.60,-3.25,-5.54
77939,0.47,-3.25,-4.93
77960,0.46,-3.20,-4.98
77984,0.45,-3.22,-4.76
78005,0.41,-3.11,-5.21
78026,0.60,-3.06,-5.71
78051,0.57,-2.86,-5.43
78075,0.61,-2.57,-4.76
78097,0.84,-2.45,-4.14
78133,0.87,-2.46,-4.53
78156,0.75,-2.41,-4.42
78180,0.74,-2.17,-4.59
78197,0.91,-2.05,-5.43
78220,0.82,-2.03,-5.71
78241,0.79,-2.04,-4.48
78262,0.87,-2.13,-4.20
78286,0.88,-2.33,-4.93
78311,0.82,-2.30,-5.65
78332,0.67,-2.35,-5.65
78352,0.58,-2.42,-4.65
78376,0.58,-2.51,-5.32
78397,0.41,-2.65,-4.20
78418,0.32,-2.83,-4.37
78439,0.25,-2.98,-4.81
78462,0.26,-3.23,-5.09
78483,0.36,-3.09,-5.77
78510,0.42,-2.91,-4.87
78531,0.63,-2.53,-5.21
78556,0.55,-2.27,-4.53
78581,0.67,-2.04,-4.48
78601,0.80,-2.32,-3.86
78622,0.74,-2.80,-4.20
78643,0.69,-3.39,-4.76
78667,0.58,-3.81,-4.59
78688,0.58,-4.13,-4.65
78710,0.42,-4.07,-5.43
78734,0.27,-3.71,-5.32
78756,0.31,-3.32,-4.48
78777,0.35,-2.90,-4.09
78801,0.35,-2.79,-5.09
78822,0.30,-2.76,-4.03
78846,0.41,-2.81,-4.59
78868,0.44,-2.73,-5.93
78888,0.44,-2.96,-4.81
78910,0.39,-3.19,-4.53
78941,0.41,-3.38,-4.98
78973,0.32,-3.59,-4.37
79000,0.43,-3.41,-4.93
79020,0.44,-3.18,-4.65
79046,0.36,-3.28,-4.09
79066,0.15,-3.32,-4.53
79090,0.15,-3.34,-4.70
79111,0.12,-3.08,-4.76
79132,0.04,-2.99,-4.93
79152,0.13,-2.94,-5.37
79177,0.21,-2.84,-4.70
79198,0.12,-2.60,-4.65
79222,0.19,-2.39,-4.87
79243,0.36,-2.21,-4.31
79263,0.18,-2.34,-3.81
79284,0.31,-2.57,-4.09
79308,0.19,-2.75,-5.04
79329,0.24,-3.09,-5.37
79353,0.70,-3.33,-4.59
79373,0.90,-3.77,-4.42
79399,0.58,-4.25,-4.87
79419,-0.38,-4.30,-5.09
79445,-1.62,-4.70,-4.76
79467,-2.84,-5.67,-4.87
79486,-3.75,-6.36,-4.37
79507,-4.53,-7.10,-4.93
79532,-4.91,-7.45,-5.21
79553,-5.35,-7.76,-5.15
79574,-5.53,-7.74,-5.77
79598,-4.67,-7.29,-4.93
79619,-4.10,-6.18,-5.32
79640,-3.54,-4.92,-5.37
79664,-3.15,-3.75,-4.70
79685,-3.03,-3.25,-4.14
79706,-2.96,-3.04,-5.82
79730,-2.95,-3.06,-4.37
79751,-2.98,-2.98,-4.98
79772,-2.97,-2.90,-4.98
79795,-3.04,-3.10,-4.70
79823,-2.96,-3.00,-5.37
79843,-2.72,-2.54,-3.97
79869,-2.70,-2.57,-4.98
79891,-2.62,-2.70,-4.65
79914,-2.54,-2.92,-4.65
79935,-2.37,-3.19,-4.37
79956,-2.54,-3.33,-5.04
79980,-2.49,-3.35,-4.59
80001,-2.49,-3.37,-4.87
80021,-2.37,-3.22,-4.42
80046,-2.51,-3.00,-5.21
80066,-2.39,-2.78,-4.53
80087,-2.29,-2.67,-4.53
80111,-2.33,-2.69,-5.21
80132,-2.28,-2.65,-4.53
80153,-2.35,-2.70,-5.15
80177,-2.26,-2.94,-4.53
80197,-2.38,-3.11,-4.76
80218,-2.52,-3.07,-4.93
80243,-2.47,-3.19,-4.93
80270,-2.52,-3.17,-4.42
80299,-2.58,-3.11,-5.43
80315,-2.56,-2.95,-5.15
80336,-2.64,-3.18,-4.87
80360,-2.63,-2.79,-4.65
80381,-2.40,-2.31,-4.98
80401,-2.23,-2.42,-3.97
80425,-2.25,-2.69,-5.09
80446,-2.42,-3.31,-5.09
80470,-2.61,-3.01,-3.81
80491,-2.86,-3.13,-4.93
80512,-3.10,-3.40,-4.98
80535,-3.19,-3.37,-4.48
80557,-3.20,-3.37,-4.81
80577,-3.04,-3.03,-5.26
80601,-2.81,-3.46,-4.70
80622,-2.78,-1.90,-6.38
80643,-2.65,-2.67,-4.03
80668,-2.45,-2.26,-6.94
80689,-2.26,-3.34,-3.86
80714,-2.21,-4.84,-5.21
80734,-2.36,-5.67,-5.04
80754,-2.66,-6.25,-3.86
80775,-2.88,-6.91,-4.70
80796,-3.20,-7.36,-4.65
80821,-3.57,-7.53,-5.26
80842,-3.75,-8.49,-4.87
80867,-3.97,-6.56,-5.88
80887,-4.19,-6.09,-4.70
80909,-4.12,-5.84,-6.89
80933,-3.93,-6.19,-4.14
80951,-3.69,-4.61,-5.54
80968,-3.38,-4.18,-5.21
80989,-3.33,-4.91,-2.97
81013,-3.02,-2.89,-7.50
81034,-2.80,-4.33,-3.69
81058,-2.50,-2.95,-5.21
81085,-2.12,-3.69,-4.25
81107,-1.89,-5.26,-4.59
81132,-2.12,-5.45,-5.15
81164,-2.45,-6.45,-3.86
81181,-2.52,-5.35,-6.72
81202,-2.85,-6.12,-4.70
81223,-2.90,-6.50,-6.33
81247,-3.07,-5.27,-4.48
81268,-2.56,-4.48,-5.77
81289,-2.70,-2.61,-3.97
81309,-2.52,-1.48,-5.09
81333,-2.34,-2.13,-3.02
81354,-1.98,-2.16,-4.48
81377,-1.55,-2.87,-4.14
81400,-1.66,-3.84,-3.36
81421,-2.08,-3.39,-5.15
81441,-1.97,-5.21,-4.48
81465,-2.24,-5.53,-6.55
81486,-2.39,-4.74,-4.31
81506,-2.39,-4.09,-4.37
81539,-2.57,-5.12,-3.64
81557,-2.89,-6.29,-7.50
81579,-2.76,-3.83,-4.98
81605,-1.98,-3.35,-4.70
81625,-1.85,-2.73,-4.65
81648,-1.60,-0.99,-5.65
81670,-1.48,-1.63,-3.36
81690,-1.67,-1.59,-5.60
81714,-1.81,-4.14,-4.14
81736,-1.85,-6.35,-4.09
81756,-1.87,-5.53,-4.65
81780,-2.09,-4.40,-4.03
81801,-2.27,-2.99,-4.53
81825,-2.12,-2.55,-4.09
81845,-2.17,-3.13,-5.04
81867,-2.08,-2.46,-5.04
81888,-1.90,-2.55,-5.54
81912,-1.80,-3.21,-5.65
81935,-1.82,-3.48,-5.09
81958,-1.79,-3.05,-5.09
81972,-1.88,-2.37,-5.04
81988,-1.63,-1.63,-4.25
82007,-1.71,-2.39,-4.31
82030,-1.82,-3.43,-5.49
82052,-1.93,-4.45,-4.48
82072,-2.08,-4.66,-5.88
82093,-2.42,-4.59,-5.15
82117,-2.43,-3.72,-5.71
82137,-2.27,-1.38,-4.65
82158,-1.97,0.12,-4.09
82181,-1.71,1.31,-4.14
82203,-1.52,2.31,-4.31
82223,-1.54,1.86,-2.97
82247,-1.30,2.06,-2.80
82268,-1.46,-3.60,-3.13
82289,-1.58,-7.52,-5.37
82312,-2.01,-9.26,-5.32
82333,-2.36,-8.74,-4.65
82359,-2.51,-7.05,-5.82
82380,-2.39,-7.11,-6.61
82404,-2.75,-7.62,-4.31
82429,-2.67,-7.36,-4.70
82445,-2.62,-6.42,-8.57
82469,-2.84,-4.05,-4.03
82489,-2.32,-3.06,-6.05
82510,-2.03,-2.50,-4.31
82534,-1.97,-2.39,-4.31
82555,-1.70,-1.82,-6.27
82575,-2.07,-3.41,-3.25
82599,-2.17,-2.20,-4.42
82620,-2.14,-4.87,-5.93
82641,-1.96,-0.02,-5.88
82665,-1.39,-0.74,-4.09
82685,-1.28,-2.92,-5.54
82707,-1.65,-4.38,-3.92
82731,-2.18,-4.84,-5.04
82751,-2.20,-5.51,-5.32
82777,-2.19,-5.05,-5.93
82804,-2.16,-4.26,-5.09
82829,-2.34,-4.34,-5.32
82854,-2.73,-5.40,-5.43
82882,-3.20,-2.48,-5.60
82906,-2.94,-1.51,-5.71
82926,-2.14,-1.46,-5.15
82948,-1.80,-1.34,-4.37
82968,-1.66,-1.86,-5.21
82992,-1.53,-4.13,-5.77
83013,-2.04,-6.40,-3.53
83036,-2.80,-5.94,-6.10
83057,-2.56,-2.19,-3.13
83078,-1.91,-2.39,-3.97
83107,-1.95,-4.01,-5.43
83127,-2.29,-5.27,-6.55
83148,-2.25,-4.77,-4.59
83172,-2.15,-2.79,-5.82
83193,-2.05,-2.82,-3.75
83217,-1.99,-2.21,-5.04
83239,-2.13,-3.15,-3.97
83264,-2.39,-3.33,-4.87
83296,-2.43,-1.72,-5.21
83317,-1.31,-0.48,-4.31
83337,-1.32,-2.61,-3.30
83357,-1.85,-3.34,-5.43
83382,-1.96,-4.26,-4.14
83403,-2.40,-4.57,-4.14
83427,-2.24,-3.39,-3.36
83448,-2.30,-3.86,-4.98
83471,-2.83,-3.68,-4.93
83483,-2.59,-3.42,-5.26
